-0.36 0 0
-0.3498989899 0 0
-0.3397982409 -7.259033718e-05 2.283061009e-25
-0.3296982031 -0.0002127211458 3.1836469e-25
-0.3195992242 -0.0004152647328 3.442999872e-25
-0.3095015549 -0.0006750227095 4.212129959e-25
-0.2994053558 -0.0009867329224 5.629032023e-25
-0.2893107043 -0.00134507619 7.031797702e-25
-0.279217602 -0.001744682844 7.650128824e-25
-0.2691259828 -0.002180139101 7.105885738e-25
-0.2590357212 -0.002645993252 5.543916627e-25
-0.2489466407 -0.003136761715 3.45362509e-25
-0.2388585228 -0.00364693495 1.408901142e-25
-0.2287711161 -0.004170983263 -1.678930651e-26
-0.2186841457 -0.004703362529 -1.130627889e-25
-0.2085973223 -0.005238519851 -1.611599856e-25
-0.1985103519 -0.005770899176 -1.915645197e-25
-0.1884229452 -0.006294946919 -2.350302035e-25
-0.1783348272 -0.006805117584 -3.037432275e-25
-0.1682457464 -0.007295879449 -3.799974541e-25
-0.1581554841 -0.007761720305 -4.154398146e-25
-0.148063864 -0.0081971533 -3.442089422e-25
-0.1379707602 -0.008596722898 -1.147145197e-25
-0.1278761067 -0.008955010975 2.73747898e-25
-0.1177799052 -0.009266643076 7.514372791e-25
-0.1076822332 -0.009526294846 1.204103153e-24
-0.09758325143 -0.009728698648 1.558576111e-24
-0.08748321118 -0.009868650372 1.887478923e-24
-0.07738246059 -0.009941016457 2.393622341e-24
-0.06728145077 -0.009940741108 3.026160831e-24
-0.05718081831 -0.00985342923 3.451918465e-24
-0.04708174739 -0.009655525962 3.630412863e-24
-0.03698619169 -0.009323631203 3.783578832e-24
-0.02689702903 -0.008834554875 4.016231334e-24
-0.01681820918 -0.008165384374 4.29356303e-24
-0.006754893092 -0.007293565773 4.520945033e-24
0.003286418663 -0.00619700003 4.630029962e-24
0.01329777049 -0.004854155084 4.619473269e-24
0.02326965214 -0.003244194254 4.502408461e-24
0.03319091768 -0.001347120848 4.293209634e-24
0.04304872593 0.0008560617258 3.990670208e-24
0.05282850566 0.003383175702 3.605547398e-24
0.06251394836 0.00625068264 3.28145384e-24
0.07208703159 0.009473487868 3.083745354e-24
0.08152807543 0.01306473928 2.986205364e-24
0.09081583421 0.01703562486 2.85582432e-24
0.09992762479 0.02139517383 2.571689143e-24
0.1088394923 0.02615006723 2.086687075e-24
0.117526413 0.03130446375 1.411883249e-24
0.1259625323 0.03685984726 6.213036673e-25
0.1341214361 0.04281490239 -1.259682777e-25
0.1419764516 0.04916542404 -6.398018631e-25
0.149500971 0.05590426672 -8.245942221e-25
0.1566687939 0.06302133825 -6.950418629e-25
0.1634544796 0.07050364159 -3.743222419e-25
0.169833701 0.07833536724 -1.227545177e-26
0.1757835931 0.0864980369 2.794404936e-25
0.181283085 0.09497069771 3.252328976e-25
0.186313208 0.1037301643 1.119551241e-25
0.1908573713 0.1127513046 -2.005648204e-25
0.1949015977 0.1220073634 -4.386287717e-25
0.1984347135 0.1314703167 -5.489255538e-25
0.2014436514 0.1411127585 -6.899135236e-25
0.2039105131 0.1509079096 -9.026522069e-25
0.2058201403 0.1608267662 -1.061682381e-24
0.2071603995 0.1708384641 -1.123665349e-24
0.207922417 0.1809106893 -1.130050649e-24
0.2081007545 0.1910101243 -1.161057972e-24
0.2076935209 0.2011029214 -1.279602109e-24
0.2067024143 0.2111551897 -1.505587238e-24
0.2051326937 0.2211334846 -1.818912618e-24
0.2029930807 0.2310052852 -2.156866175e-24
0.2002955949 0.2407394499 -2.48305369e-24
0.1970553282 0.2503066367 -2.759667044e-24
0.1932901672 0.2596796807 -2.994432673e-24
0.189020471 0.2688339195 -3.205433689e-24
0.1842687172 0.2777474613 -3.332710107e-24
0.1790591249 0.2864013934 -3.338644887e-24
0.1734172685 0.2947799285 -3.291500754e-24
0.1673696905 0.3028704905 -3.252011283e-24
0.1609435252 0.3106637436 -3.220279593e-24
0.1541661412 0.3181535674 -3.162852233e-24
0.1470648106 0.3253369857 -3.040978022e-24
0.1396664104 0.3322140541 -2.836601857e-24
0.1319971615 0.338787715 -2.584179218e-24
0.1240824065 0.3450636252 -2.42121134e-24
0.1159464292 0.3510499655 -2.429105916e-24
0.107612316 0.3567572374 -2.50366813e-24
0.09910185656 0.3621980534 -2.561288009e-24
0.09043548483 0.3673869259 -2.561499476e-24
0.0816332075 0.3723417531 -2.478229893e-24
0.07271353534 0.37708199 -2.331126581e-24
0.06369354478 0.3816284358 -2.124858492e-24
0.05458896916 0.3860030331 -1.846371497e-24
0.04541431539 0.3902286842 -1.483009534e-24
0.03618300205 0.3943290809 -1.039946686e-24
0.02690751539 0.3983285492 -5.738312661e-25
0.01759957945 0.4022519059 -1.214450243e-25
0.008270337374 0.4061243266 3.091085606e-25
-0.001069459284 0.4099712212 7.239996263e-25
