-0.7257 0 0
-0.7155989899 0 0
-0.7054979925 -1.582729838e-05 1.653056573e-22
-0.6953970313 -4.71465853e-05 4.270782837e-22
-0.6852961284 -9.36013198e-05 7.197151425e-22
-0.6751953041 -0.0001548142234 9.838638e-22
-0.6650945771 -0.000230387802 1.170466379e-21
-0.654993964 -0.0003199048955 1.24453488e-21
-0.6448934796 -0.0004229292543 1.18793708e-21
-0.6347931368 -0.0005390061413 1.000531332e-21
-0.6246929464 -0.0006676629594 6.99386102e-22
-0.6145929173 -0.0008084099032 3.161509616e-22
-0.6044930562 -0.0009607406334 -1.07111684e-22
-0.5943933681 -0.001124132974 -5.232440862e-22
-0.5842938557 -0.001298049631 -8.857934869e-22
-0.5741945199 -0.001481938929 -1.154632216e-21
-0.5640953598 -0.001675235573 -1.300702747e-21
-0.5539963725 -0.001877361417 -1.309358332e-21
-0.5438975536 -0.002087726265 -1.181928461e-21
-0.5337988966 -0.002305728676 -9.353219947e-22
-0.5237003937 -0.002530756787 -5.997707872e-22
-0.5136020355 -0.002762189149 -2.150808795e-22
-0.5035038114 -0.002999395583 1.74263524e-22
-0.4934057091 -0.003241738036 5.243977921e-22
-0.4833077157 -0.003488571452 7.972473463e-22
-0.4732098169 -0.003739244657 9.648156663e-22
-0.4631119975 -0.003993101243 1.01226062e-21
-0.4530142419 -0.004249480467 9.39277974e-22
-0.4429165337 -0.004507718149 7.597452259e-22
-0.432818856 -0.004767147578 4.996480666e-22
-0.4227211918 -0.00502710042 1.936389252e-22
-0.4126235238 -0.00528690763 -1.193703822e-22
-0.4025258349 -0.005545900362 -4.00988382e-22
-0.3924281081 -0.00580341088 -6.17919644e-22
-0.3823303268 -0.006058773468 -7.457765721e-22
-0.3722324748 -0.00631132534 -7.717057124e-22
-0.3621345365 -0.006560407537 -6.955239721e-22
-0.3520364974 -0.006805365834 -5.292997218e-22
-0.3419383437 -0.007045551623 -2.954799927e-22
-0.3318400626 -0.007280322807 -2.382806159e-23
-0.3217416427 -0.007509044669 2.524028472e-22
-0.3116430738 -0.007731090746 5.00534708e-22
-0.3015443472 -0.007945843679 6.923479101e-22
-0.2914454557 -0.008152696059 8.07264874e-22
-0.2813463936 -0.008351051261 8.345252859e-22
-0.2712471573 -0.008540324254 7.741053312e-22
-0.2611477447 -0.008719942411 6.363618048e-22
-0.2510481556 -0.008889346285 4.404156766e-22
-0.2409483917 -0.009047990383 2.114388057e-22
-0.2308484568 -0.009195343911 -2.282631784e-23
-0.2207483565 -0.009330891506 -2.358054593e-22
-0.2106480987 -0.009454133942 -4.054808192e-22
-0.2005476928 -0.009564588819 -5.168244535e-22
-0.1904471508 -0.009661791229 -5.630793228e-22
-0.1803464862 -0.009745294395 -5.459061375e-22
-0.1702457146 -0.00981467029 -4.741518721e-22
-0.1601448538 -0.009869510224 -3.610964681e-22
-0.1500439229 -0.009909425418 -2.205962482e-22
-0.1399429431 -0.009934047534 -6.504684588e-23
-0.129841937 -0.009942655604 8.682012053e-23
-0.1197409371 -0.009928524895 2.053154914e-22
-0.1096400715 -0.009874573351 2.686697851e-22
-0.09953971414 -0.009759767947 2.760978485e-22
-0.08944061786 -0.009563166285 2.372941679e-22
-0.07934404069 -0.009263954918 1.640610082e-22
-0.06925186926 -0.008841493643 6.918435018e-23
-0.05916673672 -0.00827536707 -3.350344514e-23
-0.04909213446 -0.007545444593 -1.292386838e-22
-0.03903251596 -0.006631949714 -2.045135777e-22
-0.02899339124 -0.005515539402 -2.501940481e-22
-0.01898141024 -0.0041773939 -2.605790206e-22
-0.009004433236 -0.00259931704 -2.342058473e-22
0.000928413557 -0.0007638467955 -1.734276698e-22
0.01080669916 0.001345624638 -8.605898919e-23
0.02061866767 0.003744722364 1.836760445e-23
0.03035123862 0.006447953479 1.268063573e-22
0.03999002948 0.009468566995 2.185971922e-22
0.04951940182 0.01281841146 2.829386334e-22
0.05892253199 0.01650779323 3.194889989e-22
0.0681815072 0.02054533861 3.363889547e-22
0.07727744691 0.02493786354 3.423010367e-22
0.08619064912 0.02969025457 3.42105438e-22
0.09490076041 0.03480536504 3.320620199e-22
0.1033869678 0.0402839303 3.113781274e-22
0.11162821 0.04612450576 2.785321882e-22
0.119603404 0.0523234309 2.284141853e-22
0.1272916849 0.05887482235 1.836909632e-22
0.1346899134 0.06575207534 1.743221459e-22
0.1418057983 0.07292107647 1.943070811e-22
0.148650784 0.08034916952 2.191368075e-22
0.1552396779 0.0880053352 2.366059749e-22
0.1615902727 0.09586029168 2.477124859e-22
0.1677229735 0.1038865223 2.563698679e-22
0.1736604367 0.1120582374 2.628711678e-22
0.1794272267 0.1203512784 2.653660023e-22
0.1850494918 0.1287429727 2.586285775e-22
0.1905546612 0.137211946 2.395294232e-22
0.1959711612 0.145737902 2.079564773e-22
0.2013281497 0.1543013751 1.663836483e-22
0.2066552639 0.1628834641 1.182286686e-22
