-0.90855 0 0
-0.8984489899 0 0
-0.8883479804 3.392698448e-06 5.655509515e-25
-0.8782469725 1.014358897e-05 1.592486335e-24
-0.8681459674 2.021815878e-05 2.977118284e-24
-0.8580449662 3.35818879e-05 4.616614191e-24
-0.8479439698 5.020024811e-05 6.409762244e-24
-0.8378429791 7.003870208e-05 8.258315549e-24
-0.8277419953 9.306270257e-05 1.00683096e-23
-0.8176410191 0.0001192376921 1.175167814e-23
-0.8075400515 0.000148529103 1.322803772e-23
-0.7974390932 0.0001809023579 1.442648904e-23
-0.7873381452 0.0002163228709 1.528741827e-23
-0.7772372083 0.0002547560491 1.576410733e-23
-0.767136283 0.0002961672945 1.582420246e-23
-0.7570353703 0.0003405220059 1.545070992e-23
-0.7469344708 0.0003877855817 1.464243782e-23
-0.7368335851 0.0004379234221 1.341454317e-23
-0.726732714 0.0004909009309 1.179752606e-23
-0.7166318579 0.0005466835179 9.836350945e-24
-0.7065310175 0.0006052365999 7.588797129e-24
-0.6964301933 0.0006665256022 5.123048371e-24
-0.6863293859 0.0007305159587 2.515446966e-24
-0.6762285958 0.0007971731126 -1.526253699e-25
-0.6661278233 0.0008664625151 -2.797811141e-24
-0.656027069 0.0009383496256 -5.337888224e-24
-0.6459263333 0.00101279991 -7.69466536e-24
-0.6358256165 0.00108977884 -9.79658508e-24
-0.6257249191 0.00116925189 -1.158103045e-23
-0.6156242413 0.001251184541 -1.299646904e-23
-0.6055235834 0.001335542272 -1.400365575e-23
-0.5954229458 0.001422290564 -1.45764698e-23
-0.5853223288 0.0015113949 -1.470221639e-23
-0.5752217324 0.001602820761 -1.438171322e-23
-0.565121157 0.001696533627 -1.36286188e-23
-0.5550206028 0.001792498979 -1.246867267e-23
-0.5449200699 0.001890682296 -1.093861462e-23
-0.5348195585 0.001991049055 -9.084940929e-24
-0.5247190686 0.002093564734 -6.962499549e-24
-0.5146186004 0.002198194809 -4.632910174e-24
-0.504518154 0.002304904753 -2.163103481e-24
-0.4944177294 0.002413660039 3.761891445e-25
-0.4843173266 0.002524426135 2.912029575e-24
-0.4742169457 0.002637168506 5.370795572e-24
-0.4641165867 0.002751852611 7.680766907e-24
-0.4540162495 0.002868443906 9.773110264e-24
-0.4439159341 0.002986907836 1.158390865e-23
-0.4338156404 0.003107209842 1.305583619e-23
-0.4237153683 0.003229315352 1.414028155e-23
-0.4136151178 0.003353189789 1.47991746e-23
-0.4035148888 0.003478798565 1.500645534e-23
-0.393414681 0.003606107081 1.4749454e-23
-0.3833144943 0.00373508073 1.403001074e-23
-0.3732143286 0.003865684897 1.286438422e-23
-0.3631141836 0.003997884957 1.128394545e-23
-0.3530140592 0.004131646276 9.334576115e-24
-0.3429139551 0.004266934217 7.075073187e-24
-0.3328138712 0.004403714131 4.575542833e-24
-0.322713807 0.004541951365 1.915549266e-24
-0.3126137625 0.004681611259 -8.191965884e-25
-0.3025137372 0.004822659145 -3.539753392e-24
-0.2924137309 0.004965060351 -6.157203865e-24
-0.2823137433 0.005108780194 -8.585950499e-24
-0.272213774 0.005253783985 -1.074696146e-23
-0.2621138228 0.005400037026 -1.257066061e-23
-0.2520138892 0.005547504608 -1.399919631e-23
-0.2419139729 0.005696152016 -1.498929887e-23
-0.2318140736 0.005845944523 -1.551273718e-23
-0.2217141907 0.005996847393 -1.555733417e-23
-0.211614324 0.006148825882 -1.512717865e-23
-0.201514473 0.006301845239 -1.424204169e-23
-0.1914146373 0.006455870707 -1.293623411e-23
-0.1813148165 0.006610867525 -1.125702622e-23
-0.17121501 0.006766800929 -9.262844529e-24
-0.1611152176 0.006923636156 -7.020980061e-24
-0.1510154386 0.007081338445 -4.6051538e-24
-0.1409156727 0.007239873041 -2.092777441e-24
-0.1308159193 0.007399205194 4.362971371e-25
-0.120716178 0.007559300162 2.902889273e-24
-0.1106164482 0.007720123211 5.23044962e-24
-0.1005167296 0.007881639617 7.347395331e-24
-0.09041702143 0.008043814667 9.188093437e-24
-0.08031732334 0.008206613656 1.069441553e-23
-0.07021763476 0.008370001886 1.181777892e-23
-0.06011795517 0.008533944668 1.251894833e-23
-0.05001828404 0.00869840732 1.276997889e-23
-0.03991862081 0.008863355163 1.255424281e-23
-0.02981896495 0.009028753522 1.186647964e-23
-0.01971931592 0.009194567727 1.07133176e-23
-0.009619673142 0.009360763107 9.112808423e-24
0.0004799639235 0.009527304994 7.092643612e-24
0.01057959584 0.009694158721 4.690626086e-24
0.02067922318 0.009861289623 1.952107734e-24
0.0307788465 0.01002866304 -1.071718012e-24
0.04087846637 0.0101962443 -4.326079124e-24
0.05097808337 0.01036399877 -7.754992234e-24
0.06107769806 0.01053189177 -1.130571656e-23
0.07117731103 0.01069988868 -1.493080922e-23
0.08127692284 0.01086795485 -1.859127532e-23
0.09137653408 0.01103605564 -2.226093752e-23
