-0.4514 0 0
-0.4412989899 0 0
-0.4311980681 -4.216421897e-05 2.713483426e-25
-0.421097393 -0.0001243986883 5.734606675e-25
-0.410997098 -0.000244563374 8.050841909e-25
-0.4008972915 -0.0004004748373 9.489528392e-25
-0.3907980581 -0.0005899089187 1.026827503e-24
-0.3806994596 -0.0008106034393 1.07094785e-24
-0.3706015355 -0.001060260913 1.109423142e-24
-0.360504305 -0.001336551266 1.16145506e-24
-0.3504077679 -0.001637114559 1.236949204e-24
-0.3403119061 -0.001959563709 1.338083002e-24
-0.3302166851 -0.002301487214 1.461237827e-24
-0.3201220556 -0.002660451872 1.598826674e-24
-0.3100279555 -0.003034005509 1.741105268e-24
-0.2999343112 -0.003419679703 1.875699579e-24
-0.2898410399 -0.003814992509 1.988764213e-24
-0.2797480509 -0.0042174512 2.068333658e-24
-0.2696552482 -0.004624555007 2.103654068e-24
-0.259562532 -0.005033797872 2.086975278e-24
-0.2494698009 -0.005442671205 2.014724022e-24
-0.2393769536 -0.005848666658 1.887402773e-24
-0.2292838911 -0.006249278898 1.710244163e-24
-0.2191905189 -0.006642008397 1.49187957e-24
-0.2090967484 -0.007024364214 1.238684374e-24
-0.1990024992 -0.007393866792 9.541703972e-25
-0.1889077009 -0.007748050747 6.380223722e-25
-0.1788122948 -0.008084467655 2.844689484e-25
-0.168716236 -0.008400688839 -1.142754979e-25
-0.1586194946 -0.008694308139 -5.619455487e-25
-0.1485220576 -0.008962944682 -1.047869806e-24
-0.1384239304 -0.009204245635 -1.533101829e-24
-0.1283251381 -0.00941588895 -1.933892072e-24
-0.1182257268 -0.009595586084 -2.107151987e-24
-0.1081257649 -0.009741084719 -1.848575741e-24
-0.09802534415 -0.009850171452 -9.239552941e-25
-0.08792458039 -0.009920674474 8.372942231e-25
-0.0778236145 -0.009950466221 3.351258649e-24
-0.06772261577 -0.00993550231 6.050082495e-24
-0.05762192088 -0.009855739757 8.241042405e-24
-0.04752236154 -0.009684566624 9.655814186e-24
-0.03742548887 -0.009395496717 1.038262015e-23
-0.02733377571 -0.008962225132 1.062879092e-23
-0.0172508122 -0.008358697735 1.059228917e-23
-0.007181492595 -0.007559197199 1.040396519e-23
0.002867809313 -0.006538447854 1.011859866e-23
0.01288907928 -0.005271741126 9.739912449e-24
0.0228725195 -0.003735082794 9.262948173e-24
0.03280642714 -0.00190536258 8.721872615e-24
0.04267709874 0.0002394541869 8.13961546e-24
0.05246876473 0.002720114061 7.458561326e-24
0.06216355867 0.005555844351 6.608951473e-24
0.07174152547 0.008764106722 5.561973847e-24
0.08118067272 0.01236034007 4.395397209e-24
0.09045706865 0.01635769832 3.271881443e-24
0.09954498945 0.02076679005 2.310700595e-24
0.1084171173 0.02559542759 1.551540354e-24
0.1170447898 0.03084839444 9.793874201e-25
0.1253982985 0.0365272399 5.370505709e-25
0.1334472341 0.04263011041 1.329754416e-25
0.1411608726 0.0491516266 -3.432356375e-25
0.1485085952 0.05608281441 -9.867218786e-25
0.155460333 0.0634110975 -1.814874618e-24
0.1619870256 0.07112035651 -2.667349929e-24
0.1680610818 0.07919105862 -3.40494897e-24
0.173656829 0.08760045836 -3.981098455e-24
0.1787509389 0.09632286828 -4.341049888e-24
0.1833228159 0.105329995 -4.489110338e-24
0.1873549363 0.1145913338 -4.566146998e-24
0.1908331293 0.1240746119 -4.737563918e-24
0.1937467889 0.1337462704 -5.010786472e-24
0.196089014 0.14357197 -5.333165044e-24
0.1978566716 0.1535171084 -5.638544859e-24
0.1990503835 0.1635473349 -5.869604163e-24
0.1996744401 0.1736290483 -5.987590828e-24
0.1997366458 0.1837298662 -5.976114481e-24
0.1992481041 0.1938190544 -5.845844326e-24
0.1982229512 0.2038679078 -5.637717175e-24
0.1966780501 0.2138500755 -5.432841694e-24
0.1946326545 0.2237418272 -5.300624928e-24
0.1921080565 0.2335222565 -5.246846747e-24
0.1891272269 0.2431734248 -5.194780848e-24
0.1857144596 0.252680444 -5.071343561e-24
0.181895029 0.2620315052 -4.864159109e-24
0.1776948689 0.2712178565 -4.593803683e-24
0.1731402779 0.2802337367 -4.294562663e-24
0.1682576568 0.2890762707 -4.00305682e-24
0.1630732822 0.2977453339 -3.749728002e-24
0.1576131166 0.3062433918 -3.550877006e-24
0.1519026563 0.3145753208 -3.40232691e-24
0.1459679458 0.3227490354 -3.287806565e-24
0.1398343071 0.3307745493 -3.191185622e-24
0.1335263031 0.3386637498 -3.098586747e-24
0.1270677352 0.346430171 -3.002939776e-24
0.1204816716 0.3540887717 -2.909313134e-24
0.1137905025 0.3616557166 -2.824930022e-24
0.1070160184 0.3691481638 -2.749485879e-24
0.1001795075 0.3765840577 -2.681837725e-24
0.09330186775 0.383981927 -2.621903417e-24
0.08640373108 0.3913606878 -2.568807645e-24
