-0.63425 0 0
-0.6241489899 0 0
-0.6140480031 -2.153715191e-05 -1.001304952e-25
-0.6039470826 -6.399474894e-05 -3.232741785e-25
-0.5938462676 -0.0001267266821 -6.491651989e-25
-0.5837455934 -0.0002090582967 -1.041827264e-24
-0.5736450909 -0.0003102873396 -1.467099257e-24
-0.5635447868 -0.0004296849737 -1.900354476e-24
-0.5534447036 -0.0005664968317 -2.327385908e-24
-0.5433448595 -0.0007199440972 -2.741880068e-24
-0.5332452683 -0.000889224612 -3.141637853e-24
-0.5231459398 -0.00107351401 -3.524662544e-24
-0.5130468797 -0.001271966882 -3.885929603e-24
-0.5029480897 -0.001483717974 -4.215455606e-24
-0.4928495677 -0.001707883403 -4.498042732e-24
-0.4827513077 -0.001943561904 -4.714312476e-24
-0.4726533007 -0.002189836098 -4.843048536e-24
-0.4625555339 -0.002445773768 -4.864633151e-24
-0.4524579918 -0.002710429171 -4.764565444e-24
-0.4423606561 -0.002982844357 -4.536450562e-24
-0.4322635059 -0.003262050517 -4.183683246e-24
-0.4221665181 -0.003547069345 -3.719484555e-24
-0.4120696677 -0.003836914422 -3.165271755e-24
-0.4019729281 -0.004130592601 -2.547715006e-24
-0.3918762713 -0.004427105411 -1.895154702e-24
-0.3817796685 -0.004725450448 -1.234249413e-24
-0.3716830902 -0.005024622782 -5.876066014e-25
-0.3615865066 -0.005323616346 2.710408884e-26
-0.3514898879 -0.005621425333 5.964489534e-25
-0.341393205 -0.005917045586 1.109381272e-24
-0.3312964291 -0.006209475996 1.555050045e-24
-0.3211995329 -0.006497719893 1.921367605e-24
-0.3111024902 -0.006780786437 2.195134181e-24
-0.3010052766 -0.007057692014 2.364158878e-24
-0.2909078699 -0.007327461614 2.420757016e-24
-0.28081025 -0.0075891302 2.36580844e-24
-0.2707123995 -0.007841744062 2.212381088e-24
-0.2606143039 -0.008084362142 1.98724854e-24
-0.2505159518 -0.008316057352 1.728985502e-24
-0.2404173351 -0.008535917858 1.481906753e-24
-0.2303184493 -0.00874304836 1.286523075e-24
-0.2202192935 -0.008936571354 1.168776765e-24
-0.2101198709 -0.009115628378 1.130550152e-24
-0.2000201886 -0.009279381243 1.143858581e-24
-0.1899202578 -0.009427013241 1.151934622e-24
-0.1798200939 -0.009557730312 1.080452428e-24
-0.1697197166 -0.009670762189 8.61572608e-25
-0.1596191498 -0.009765363489 4.705422756e-25
-0.1495184219 -0.009840814774 -3.345843171e-26
-0.1394175652 -0.009896423574 -4.887021424e-25
-0.1293166164 -0.00993152536 -6.900457555e-25
-0.1192156163 -0.009945484491 -6.090772552e-25
-0.1091146147 -0.009932657318 -5.593806094e-25
-0.09901376825 -0.009875216579 -8.598738422e-25
-0.08891353547 -0.009749934138 -1.479521948e-24
-0.07881484075 -0.009533687267 -2.188342754e-24
-0.06871922898 -0.009203504341 -2.785848463e-24
-0.05862901515 -0.008736618606 -3.166522461e-24
-0.04854742735 -0.008110531731 -3.309308706e-24
-0.03847874159 -0.007303088676 -3.247863312e-24
-0.02842840632 -0.006292565107 -3.044549104e-24
-0.01840315453 -0.005057768238 -2.768753255e-24
-0.008411101134 -0.003578151589 -2.485927482e-24
0.001538176976 -0.001833943661 -2.275125215e-24
0.01143358078 0.0001937100184 -2.167007556e-24
0.02126245158 0.00252259265 -2.125382255e-24
0.03101055868 0.005169251541 -2.067333114e-24
0.04066211469 0.008148825618 -1.926454691e-24
0.05019982065 0.01147486827 -1.695553093e-24
0.05960494268 0.01515916928 -1.331191844e-24
0.06885742122 0.01921158027 -8.275206442e-25
0.07793601343 0.02363984824 -2.85715278e-25
0.08681846821 0.02844946263 1.590000825e-25
0.0954817328 0.03364352076 3.954264633e-25
0.1039021885 0.03922261737 3.962181726e-25
0.1120559121 0.04518476321 2.935851222e-25
0.1199189593 0.05152533742 2.541653051e-25
0.1274676632 0.05823707807 3.660432364e-25
0.1346789431 0.06531011376 6.887464365e-25
0.1415306162 0.07273203853 1.245696276e-24
0.1480017042 0.08048803053 1.970996012e-24
0.1540727282 0.08856101387 2.667812119e-24
0.1597259842 0.09693186139 3.053529804e-24
0.1649457926 0.1055796352 2.934728697e-24
0.1697187157 0.1144818594 2.483893911e-24
0.1740411922 0.1236112947 2.140661097e-24
0.1779256729 0.1329355214 2.107033335e-24
0.1813915764 0.1424232981 2.255977269e-24
0.1844616401 0.1520464526 2.368614203e-24
0.1871614519 0.1617799726 2.370813588e-24
0.1895190035 0.1716020063 2.320242023e-24
0.1915642785 0.181493783 2.290568336e-24
0.1933288809 0.1914394642 2.328892853e-24
0.194845708 0.2014259366 2.454584326e-24
0.1961486676 0.2114425575 2.664522019e-24
0.1972724392 0.2214808609 2.940059835e-24
0.1982522749 0.2315342344 3.251012083e-24
0.1991238361 0.2415975728 3.561063057e-24
0.1999230631 0.2516669141 3.835358594e-24
0.2006860734 0.2617390645 4.06231863e-24
