-0.8171 0 0
-0.8069989899 0 0
-0.7968979895 -1.377556285e-05 2.291366197e-24
-0.7867970164 -4.103678952e-05 5.830817704e-24
-0.7766960875 -8.147950977e-05 9.666348365e-24
-0.7665952183 -0.0001347856092 1.286436284e-23
-0.7564944231 -0.0002006233717 1.472854118e-23
-0.7463937146 -0.0002786478372 1.49554437e-23
-0.7362931044 -0.000368501173 1.361230556e-23
-0.7261926026 -0.00046981306 1.102624776e-23
-0.7160922181 -0.0005822010915 7.671304904e-24
-0.705991958 -0.0007052711849 4.063617045e-24
-0.6958918284 -0.0008386180053 6.620217605e-25
-0.6857918337 -0.0009818254014 -2.216852044e-24
-0.6756919773 -0.001134466851 -4.454903235e-24
-0.6655922608 -0.001296105919 -6.13603005e-24
-0.6554926848 -0.001466296722 -7.482878503e-24
-0.6453932486 -0.001644584406 -8.754015155e-24
-0.6352939499 -0.001830505628 -1.013793348e-23
-0.6251947857 -0.00202358905 -1.167644829e-23
-0.6150957514 -0.002223355841 -1.322634923e-23
-0.6049968416 -0.002429320178 -1.44667416e-23
-0.5948980498 -0.002640989765 -1.496253474e-23
-0.5847993685 -0.002857866345 -1.427835335e-23
-0.5747007893 -0.003079446233 -1.210299286e-23
-0.564602303 -0.003305220837 -8.35167393e-24
-0.5545038997 -0.003534677195 -3.252438378e-24
-0.5444055688 -0.00376729851 2.651746824e-24
-0.5343072992 -0.004002564694 8.578971098e-24
-0.5242090792 -0.004239952905 1.364296826e-23
-0.5141108969 -0.004478938096 1.702039454e-23
-0.50401274 -0.004718993563 1.814795171e-23
-0.4939145959 -0.004959591489 1.685395192e-23
-0.4838164523 -0.005200203497 1.342751806e-23
-0.4737182964 -0.005440301198 8.577747005e-24
-0.4636201157 -0.005679356742 3.271670311e-24
-0.4535218981 -0.005916843364 -1.473990957e-24
-0.4434236314 -0.006152235936 -4.860923799e-24
-0.433325304 -0.006385011512 -6.493579577e-24
-0.4232269048 -0.006614649874 -6.468823048e-24
-0.4131284232 -0.006840634071 -5.318720344e-24
-0.4030298492 -0.007062450964 -3.819704575e-24
-0.3929311736 -0.007279591761 -2.733221241e-24
-0.3828323879 -0.007491552547 -2.567282726e-24
-0.3727334846 -0.007697834816 -3.420288723e-24
-0.3626344572 -0.007897945992 -4.948669673e-24
-0.3525353 -0.00809139995 -6.460444248e-24
-0.3424360087 -0.008277717528 -7.136092753e-24
-0.3323365798 -0.008456427032 -6.302554974e-24
-0.3222370114 -0.008627064737 -3.694754826e-24
-0.3121373025 -0.008789175378 3.928596714e-25
-0.3020374536 -0.008942312637 5.146807202e-24
-0.2919374663 -0.009086039614 9.476506031e-24
-0.2818373439 -0.009219929298 1.234589823e-23
-0.2717370907 -0.009343565021 1.30270961e-23
-0.2616367127 -0.009456540906 1.121075318e-23
-0.2515362171 -0.009558462301 7.014637703e-24
-0.2414356125 -0.009648946205 1.011671709e-24
-0.2313349091 -0.00972762168 -5.757681908e-24
-0.2212341182 -0.00979413025 -1.199017774e-23
-0.2111332527 -0.009848126287 -1.665711152e-23
-0.2010323266 -0.009889277385 -1.942592777e-23
-0.1909313556 -0.009917264718 -2.026610863e-23
-0.1808303562 -0.009931783383 -1.877342588e-23
-0.1707293464 -0.00993121125 -1.470313419e-23
-0.1606283614 -0.009908808601 -8.5569115e-24
-0.150527506 -0.009852936288 -1.075633666e-24
-0.1404270039 -0.00975166686 6.398497889e-24
-0.1303272383 -0.009593123647 1.188884199e-23
-0.1202287936 -0.009365496081 1.408620506e-23
-0.1101324941 -0.009057056334 1.284100823e-23
-0.1000394422 -0.00865617749 8.726297571e-24
-0.08995105525 -0.008151353468 2.789436337e-24
-0.07986909934 -0.007531220855 -3.300203175e-24
-0.069795722 -0.006784582793 -7.399366515e-24
-0.05973348159 -0.005900435019 -7.726887761e-24
-0.04968537406 -0.00486799411 -3.708124634e-24
-0.03965485643 -0.003676727938 3.828009767e-24
-0.02964586671 -0.002316388299 1.342500081e-23
-0.01966283997 -0.0007770455938 2.261576009e-23
-0.009710720056 0.0009508745637 2.825701545e-23
0.0002050331197 0.002876553067 2.890104118e-23
0.01007844123 0.005008737613 2.37873028e-23
0.01990301028 0.007355701936 1.30023456e-23
0.02967173874 0.009925204358 -3.41512518e-25
0.03937713125 0.01272444613 -1.269442937e-23
0.04901121806 0.01576003004 -2.150694043e-23
0.05856558021 0.01903791991 -2.483101566e-23
0.06803138066 0.02256340143 -2.20637444e-23
0.07739940105 0.02634104516 -1.315597037e-23
0.08667226492 0.03034659056 -1.481357567e-24
0.09585438329 0.03455599681 8.598952483e-24
0.1049517814 0.03894550102 1.609977898e-23
0.1139719206 0.04349165187 2.022940874e-23
0.122923518 0.04817132099 1.960077182e-23
0.1318163647 0.05296169432 1.367489641e-23
0.1406611445 0.05784024637 3.356024286e-24
0.1494692532 0.06278469991 -9.587103337e-24
0.1582526193 0.06777297414 -2.347672162e-23
0.1670235256 0.07278312403 -3.760911453e-23
