-0.54285 0 0
-0.5327489899 0 0
-0.5226480259 -3.041723584e-05 -5.732066022e-25
-0.5125471924 -9.008501377e-05 -5.372610601e-25
-0.5024465635 -0.0001777962133 -3.331664967e-25
-0.4923462028 -0.0002923050143 -1.516168221e-25
-0.4822461636 -0.0004323286722 1.844560723e-25
-0.4721464889 -0.0005965493392 4.011103817e-25
-0.4620472115 -0.0007836159266 1.978378005e-25
-0.4519483544 -0.0009921460072 9.059738932e-26
-0.4418499313 -0.001220727754 1.768085464e-25
-0.4317519467 -0.00146792191 2.307638339e-25
-0.4216543965 -0.001732263794 4.226548549e-25
-0.4115572683 -0.002012265327 8.516708233e-25
-0.4014605424 -0.002306417091 1.32537754e-24
-0.3913641922 -0.002613190404 1.752723349e-24
-0.3812681845 -0.00293103942 2.073673146e-24
-0.3711724809 -0.003258403243 2.21194589e-24
-0.361077038 -0.003593708058 2.338682434e-24
-0.3509818081 -0.003935369276 2.507006466e-24
-0.3408867406 -0.004281793689 2.541677931e-24
-0.3307917821 -0.00463138163 2.402404931e-24
-0.3206968778 -0.004982529145 2.123767518e-24
-0.3106019718 -0.005333630166 1.856303698e-24
-0.3005070085 -0.005683078684 1.708547706e-24
-0.290411933 -0.006029270928 1.68606678e-24
-0.2803166922 -0.006370607537 1.743893981e-24
-0.2702212354 -0.006705495728 1.667384739e-24
-0.2601255153 -0.007032351459 1.288789898e-24
-0.2500294889 -0.007349601584 8.674235675e-25
-0.2399331177 -0.007655685994 5.242379898e-25
-0.2298363692 -0.007949059751 1.074362948e-25
-0.2197392171 -0.008228195198 -4.356489842e-25
-0.2096416419 -0.008491584059 -1.150537966e-24
-0.1995436319 -0.008737739515 -2.069490919e-24
-0.1894451835 -0.008965198258 -3.156927724e-24
-0.1793463016 -0.009172522522 -4.403460812e-24
-0.1692470004 -0.009358302079 -5.783566367e-24
-0.1591473036 -0.009521156214 -7.176585405e-24
-0.1490472445 -0.009659735658 -8.727620265e-24
-0.1389468667 -0.009772724492 -1.030718533e-23
-0.128846224 -0.009858842004 -1.148681915e-23
-0.1187453808 -0.009916844511 -1.313643605e-23
-0.1086444118 -0.00994552713 -1.899162907e-23
-0.09854340246 -0.009942462339 -3.056314574e-23
-0.08844251373 -0.009893015666 -4.307849989e-23
-0.07834222476 -0.009772348039 -5.573508876e-23
-0.068243538 -0.009555729293 -7.276594561e-23
-0.05814815622 -0.009218587574 -9.468481236e-23
-0.04805865399 -0.008736568583 -1.252927062e-22
-0.03797864178 -0.008085606809 -1.688699252e-22
-0.02791292061 -0.007242010636 -2.186819431e-22
-0.01786762483 -0.006182562823 -2.695790704e-22
-0.007850350431 -0.004884637449 -3.000878446e-22
0.002129734055 -0.003326333881 -2.96094944e-22
0.01206179714 -0.001486627695 -2.887725164e-22
0.02193327778 0.0006544621531 -3.078873882e-22
0.03172984585 0.00311569142 -2.823511069e-22
0.04143539305 0.005914396226 -1.90107805e-22
0.05103205726 0.009066289417 -7.537331939e-23
0.06050028303 0.01258525164 6.775898933e-23
0.06981892032 0.01648312196 1.893768387e-22
0.07896536291 0.02076949355 2.531705923e-22
0.08791572688 0.0254515207 3.674714828e-22
0.09664506838 0.03053374361 5.502003861e-22
0.105127639 0.036017938 7.473640712e-22
0.1133371752 0.04190299606 7.949651302e-22
0.121247217 0.0481848453 6.028059054e-22
0.1288314509 0.05485641098 4.923625699e-22
0.1360640678 0.06190762678 5.359244817e-22
0.1429201301 0.06932549715 4.454690379e-22
0.149375937 0.0770942132 2.609718219e-22
0.1554093791 0.08519532218 1.477342353e-22
0.1610002738 0.09360794884 7.285290137e-23
0.1661306703 0.102309065 4.677438973e-23
0.170785118 0.1112738019 1.489076754e-23
0.1749508898 0.1204757983 -1.210269593e-22
0.1786181547 0.1298875759 -3.012110613e-22
0.1817800972 0.1394809336 -4.389483068e-22
0.1844329791 0.1492273488 -5.027245167e-22
0.1865761458 0.1590983785 -5.356838944e-22
0.1882119784 0.1690660484 -5.29288994e-22
0.1893457942 0.179103222 -4.58640171e-22
0.1899857032 0.1891839417 -4.000657942e-22
0.1901424239 0.1992837353 -3.648427211e-22
0.189829069 0.2093798831 -3.12230069e-22
0.1890609059 0.2194516416 -2.47745831e-22
0.1878619804 0.2294812464 -1.712747122e-22
0.1862641387 0.2394550769 -9.189417298e-23
0.1843002326 0.2493633295 -3.57818686e-23
0.1820037634 0.259199824 2.519025812e-23
0.1794085841 0.2689617624 1.105303002e-22
0.1765486628 0.2786494477 1.959653549e-22
0.1734579043 0.2882659756 2.545375581e-22
0.1701700278 0.2978169056 2.713526199e-22
0.1667184946 0.3073099197 2.146917356e-22
0.1631364808 0.3167544724 1.216294474e-22
0.1594568879 0.3261614376 5.16459731e-23
0.1557123838 0.3355427534 1.093496516e-23
0.1519354683 0.3449110675 -1.84306366e-24
