0            0            0
  0.00314146  2.46735e-05            0
  0.00628215  9.86879e-05            0
  0.00942129  0.000222025            0
   0.0125581  0.000394654            0
   0.0156918  0.000616533            0
   0.0188217  0.000887607            0
   0.0219469   0.00120781            0
   0.0250666   0.00157706            0
   0.0281802   0.00199527            0
   0.0312869   0.00246233            0
   0.0343858   0.00297813            0
   0.0374763   0.00354255            0
   0.0405575   0.00415544            0
   0.0436286   0.00481665            0
   0.0466891   0.00552602            0
    0.049738   0.00628337            0
   0.0527746   0.00708852            0
   0.0557982   0.00794126            0
   0.0588081    0.0088414            0
   0.0618034    0.0097887            0
   0.0647835    0.0107829            0
   0.0677476    0.0118238            0
    0.070695    0.0129112            0
   0.0736249    0.0140447            0
   0.0765367    0.0152241            0
   0.0794296    0.0164491            0
   0.0823029    0.0177193            0
   0.0851559    0.0190346            0
   0.0879878    0.0203945            0
   0.0907981    0.0217987            0
    0.093586    0.0232469            0
   0.0963507    0.0247387            0
   0.0990917    0.0262737            0
    0.101808    0.0278516            0
      0.1045     0.029472            0
    0.107165    0.0311344            0
    0.109805    0.0328385            0
    0.112417    0.0345839            0
    0.115001    0.0363701            0
    0.117557    0.0381966            0
    0.120084    0.0400631            0
    0.122581     0.041969            0
    0.125049    0.0439139            0
    0.127485    0.0458974            0
     0.12989    0.0479188            0
    0.132262    0.0499778            0
    0.134603    0.0520738            0
    0.136909    0.0542063            0
    0.139183    0.0563747            0
    0.141421    0.0585786            0
    0.143625    0.0608174            0
    0.145794    0.0630906            0
    0.147926    0.0653975            0
    0.150022    0.0677376            0
    0.152081    0.0701104            0
    0.154103    0.0725152            0
    0.156086    0.0749515            0
    0.158031    0.0774186            0
    0.159937     0.079916            0
    0.161803    0.0824429            0
     0.16363    0.0849989            0
    0.165416    0.0875833            0
    0.167161    0.0901954            0
    0.168866    0.0928346            0
    0.170528    0.0955003            0
    0.172148    0.0981917            0
    0.173726     0.100908            0
    0.175261     0.103649            0
    0.176753     0.106414            0
    0.178201     0.109202            0
    0.179606     0.112012            0
    0.180965     0.114844            0
    0.182281     0.117697            0
    0.183551      0.12057            0
    0.184776     0.123463            0
    0.185955     0.126375            0
    0.187089     0.129305            0
    0.188176     0.132252            0
    0.189217     0.135217            0
    0.190211     0.138197            0
    0.191159     0.141192            0
    0.192059     0.144202            0
    0.192911     0.147225            0
    0.193717     0.150262            0
    0.194474     0.153311            0
    0.195183     0.156371            0
    0.195845     0.159443            0
    0.196457     0.162524            0
    0.197022     0.165614            0
    0.197538     0.168713            0
    0.198005      0.17182            0
    0.198423     0.174933            0
    0.198792     0.178053            0
    0.199112     0.181178            0
    0.199383     0.184308            0
    0.199605     0.187442            0
    0.199778     0.190579            0
    0.199901     0.193718            0
    0.199975     0.196859            0
         0.2          0.2            0
    0.199975     0.203141            0
    0.199901     0.206282            0
    0.199778     0.209421            0
    0.199605     0.212558            0
    0.199383     0.215692            0
    0.199112     0.218822            0
    0.198792     0.221947            0
    0.198423     0.225067            0
    0.198005      0.22818            0
    0.197538     0.231287            0
    0.197022     0.234386            0
    0.196457     0.237476            0
    0.195845     0.240557            0
    0.195183     0.243629            0
    0.194474     0.246689            0
    0.193717     0.249738            0
    0.192911     0.252775            0
    0.192059     0.255798            0
    0.191159     0.258808            0
    0.190211     0.261803            0
    0.189217     0.264783            0
    0.188176     0.267748            0
    0.187089     0.270695            0
    0.185955     0.273625            0
    0.184776     0.276537            0
    0.183551      0.27943            0
    0.182281     0.282303            0
    0.180965     0.285156            0
    0.179606     0.287988            0
    0.178201     0.290798            0
    0.176753     0.293586            0
    0.175261     0.296351            0
    0.173726     0.299092            0
    0.172148     0.301808            0
    0.170528       0.3045            0
    0.168866     0.307165            0
    0.167161     0.309805            0
    0.165416     0.312417            0
     0.16363     0.315001            0
    0.161803     0.317557            0
    0.159937     0.320084            0
    0.158031     0.322581            0
    0.156086     0.325049            0
    0.154103     0.327485            0
    0.152081      0.32989            0
    0.150022     0.332262            0
    0.147926     0.334603            0
    0.145794     0.336909            0
    0.143625     0.339183            0
    0.141421     0.341421            0
    0.139183     0.343625            0
    0.136909     0.345794            0
    0.134603     0.347926            0
    0.132262     0.350022            0
     0.12989     0.352081            0
    0.127485     0.354103            0
    0.125049     0.356086            0
    0.122581     0.358031            0
    0.120084     0.359937            0
    0.117557     0.361803            0
    0.115001      0.36363            0
    0.112417     0.365416            0
    0.109805     0.367161            0
    0.107165     0.368866            0
      0.1045     0.370528            0
    0.101808     0.372148            0
   0.0990917     0.373726            0
   0.0963507     0.375261            0
    0.093586     0.376753            0
   0.0907981     0.378201            0
   0.0879878     0.379606            0
   0.0851559     0.380965            0
   0.0823029     0.382281            0
   0.0794296     0.383551            0
   0.0765367     0.384776            0
   0.0736249     0.385955            0
    0.070695     0.387089            0
   0.0677476     0.388176            0
   0.0647835     0.389217            0
   0.0618034     0.390211            0
   0.0588081     0.391159            0
   0.0557982     0.392059            0
   0.0527746     0.392911            0
    0.049738     0.393717            0
   0.0466891     0.394474            0
   0.0436286     0.395183            0
   0.0405575     0.395845            0
   0.0374763     0.396457            0
   0.0343858     0.397022            0
   0.0312869     0.397538            0
   0.0281802     0.398005            0
   0.0250666     0.398423            0
   0.0219469     0.398792            0
   0.0188217     0.399112            0
   0.0156918     0.399383            0
   0.0125581     0.399605            0
  0.00942129     0.399778            0
  0.00628215     0.399901            0
  0.00314146     0.399975            0
-7.65714e-17          0.4            0
