-0.2714 0 0
-0.2612989899 0 0
-0.2511986422 -0.0001113557074 -3.09916084e-05
-0.2411000642 -0.0003250556827 -8.962438357e-05
-0.2310040487 -0.0006316465171 -0.0001724285602
-0.2209110869 -0.001021279347 -0.0002758316254
-0.2108213883 -0.00148375659 -0.0003961748692
-0.2007349068 -0.002008578633 -0.0005297298198
-0.1906513713 -0.002584990282 -0.0006727145068
-0.1805703213 -0.003202026877 -0.000821309518
-0.1704911463 -0.003848560011 -0.0009716738459
-0.1604131277 -0.004513342914 -0.001119960539
-0.1503354833 -0.005185055541 -0.001262332194
-0.1402574126 -0.005852349515 -0.001394976334
-0.1301781428 -0.00650389304 -0.001514120724
-0.1200969739 -0.007128415931 -0.001616048692
-0.1100133229 -0.007714754907 -0.001697114472
-0.0999267649 -0.008251899228 -0.001753758639
-0.08983707232 -0.00872903677 -0.001782523616
-0.07974424894 -0.009135600522 -0.001780069271
-0.06964856008 -0.009461315464 -0.001743188535
-0.05955054708 -0.009695779481 -0.001668732075
-0.0494510399 -0.009826117737 -0.001553187808
-0.0393513246 -0.009830332783 -0.001391580738
-0.02925413227 -0.009657268156 -0.001174466417
-0.01916598701 -0.009234686544 -0.0008896298558
-0.009099309614 -0.008486853688 -0.000524756033
0.0009260004785 -0.007340070334 -6.822056555e-05
0.01088125822 -0.005724231158 0.0004906035545
0.02072802423 -0.003574321269 0.00116102293
0.03041758803 -0.0008322047948 0.001950658341
0.03989101144 0.002551358244 0.002865055131
0.04907982741 0.006614579103 0.003907296262
0.05790745884 0.01138255108 0.005077652527
0.06629137124 0.01686540174 0.006373309511
0.07414590537 0.0230569047 0.007788211723
0.08138565758 0.02993376363 0.009313059746
0.08792919771 0.03745574331 0.01093548551
0.09370285154 0.04556675425 0.01264041468
0.09864424006 0.05419690283 0.01441060537
0.1027050042 0.06326550823 0.01622745726
0.1058518374 0.07268488797 0.01807220311
0.1080657592 0.08236414308 0.019927178
0.1093399116 0.09221225832 0.02177691418
0.1096758707 0.1021400453 0.02360900014
0.1090811994 0.1120606371 0.02541415612
0.1075695682 0.1218895221 0.02718569604
0.1051593674 0.1315443669 0.0289192666
0.1018738383 0.1409448476 0.03061237784
0.09774216437 0.1500130289 0.03226395953
0.09279951119 0.1586737446 0.03387409828
0.08708671086 0.166854836 0.03544381777
0.08065053333 0.1744877795 0.0369748814
0.07354389027 0.1815085794 0.0384696578
0.06582502587 0.1878579062 0.03993100835
0.05755723536 0.1934815814 0.04136218997
0.04880883864 0.1983316302 0.04276680573
0.03965237515 0.2023664473 0.04414875749
0.03016396071 0.2055509959 0.04551221087
0.02042284777 0.2078575686 0.04686158272
0.0105107151 0.2092662944 0.04820153829
0.0005108011475 0.2097649142 0.04953700175
-0.009492804833 0.209349079 0.05087315734
-0.01941603544 0.2080231326 0.0522154404
-0.02917572687 0.205799371 0.05356957142
-0.03869034894 0.2026977597 0.05494155467
-0.04788088642 0.1987461326 0.05633763058
-0.05667154451 0.1939796416 0.05776425491
-0.06499014619 0.1884399252 0.0592280758
-0.07276866524 0.1821748086 0.06073582883
-0.07994383166 0.1752380334 0.06229419373
-0.08645682062 0.1676881016 0.06390970265
-0.09225307881 0.1595877724 0.06558851791
-0.09728269523 0.1510041097 0.06733610377
-0.1014993567 0.1420077267 0.06915687881
-0.1048590793 0.1326725841 0.07105364964
-0.107320041 0.1230767251 0.0730268501
-0.1088424828 0.1133031252 0.07507362256
-0.1093882204 0.1034406705 0.07718656284
-0.1089244273 0.09358563106 0.07935300038
-0.1074300803 0.08384157269 0.0815554106
-0.1049005484 0.07431698953 0.0837721966
-0.1013512729 0.06512122611 0.08597921584
-0.09681914981 0.05635930924 0.08815154851
-0.09136141367 0.04812666105 0.0902650708
-0.08505262577 0.04050445686 0.09229769377
-0.07798053159 0.03355603695 0.09423038722
-0.07024127581 0.02732460903 0.09604796451
-0.06193444012 0.02183231743 0.09773958425
-0.05315834658 0.01708059219 0.09929896084
-0.04400598822 0.01305156146 0.1007243086
-0.03456183321 0.009710230417 0.1020180683
-0.02489962316 0.007007104148 0.103186477
-0.01508117363 0.00488095234 0.1042390468
-0.005156098339 0.003261467987 0.1051880089
0.00483767527 0.002071643551 0.106047769
0.01487275484 0.001229762995 0.1068344062
0.02493065155 0.0006509764778 0.1075652318
0.03499980693 0.0002484808825 0.1082584107
0.04507339334 -6.562811058e-05 0.1089326396
