-0.15 0 0
-0.1398989899 0 0
-0.1298045538 -0.0003611865283 -4.780580759e-05
-0.1197254578 -0.001020906017 -0.0001313360971
-0.1096646767 -0.001915118612 -0.0002383445158
-0.0996205386 -0.002978937788 -0.0003565060842
-0.08958797491 -0.004146999243 -0.0004734785422
-0.07955983684 -0.005353699446 -0.0005769469223
-0.06952824848 -0.006533351835 -0.0006546606863
-0.05948597213 -0.007620312986 -0.0006944732143
-0.04942776275 -0.008549132616 -0.0006843933482
-0.03935168721 -0.009254780069 -0.0006126580598
-0.0292603789 -0.009672995918 -0.0004678341038
-0.01916218923 -0.009740442591 -0.0002389303644
-0.009072384861 -0.009391786625 8.459068378e-05
0.0009851574858 -0.008559254632 0.0005125040933
0.01097674144 -0.007178646107 0.001053379211
0.02085835544 -0.005191858569 0.001714252645
0.03057569953 -0.00254879792 0.002500271681
0.0400648168 0.0007905884214 0.003414340629
0.04925338958 0.004854302752 0.004456801221
0.05806271491 0.009656493841 0.005625182201
0.06641031335 0.01519605841 0.006914053537
0.07421305534 0.02145584149 0.008315016305
0.0813906205 0.02840259734 0.009816849825
0.08786904884 0.03598781259 0.01140582362
0.09358400215 0.04414947693 0.0130662168
0.09848293818 0.05281490265 0.01478120499
0.102525924 0.06190404875 0.01653393164
0.1056847751 0.07133285284 0.0183086643
0.1079408298 0.0810158825 0.02009178415
0.1092831678 0.090867723 0.02187215796
0.1097076052 0.1008035732 0.02364108341
0.1092154062 0.1107394588 0.02539216351
0.1078135649 0.1205922121 0.02712087896
0.1055160522 0.1302798698 0.02882413691
0.1023431809 0.1397220313 0.03050009544
0.09832160996 0.1488402556 0.03214791743
0.0934848866 0.157558816 0.03376753989
0.08787317021 0.1658053063 0.03535951989
0.08153263933 0.1735109969 0.03692488388
0.07451542517 0.1806115001 0.03846498898
0.06687954322 0.1870476544 0.03998142828
0.05868795202 0.1927655817 0.04147592007
0.05000811983 0.1977170792 0.04295021653
0.04091183824 0.2018605696 0.04440607108
0.03147437382 0.2051611161 0.0458451757
0.02177380215 0.2075904548 0.0472691091
0.01189054484 0.2091276127 0.0486793341
0.001906690638 0.2097592642 0.05007720228
-0.008094757397 0.2094793348 0.05146393966
-0.01803047942 0.2082892003 0.05284066453
-0.02781762889 0.2061984502 0.05420844856
-0.03737452059 0.203224079 0.05556833864
-0.04662121528 0.1993902508 0.05692139533
-0.05548035366 0.1947286345 0.05826874977
-0.06387782929 0.1892780051 0.05961165941
-0.0717432235 0.1830836062 0.06095156959
-0.07901053902 0.1761970502 0.06229016401
-0.08561914277 0.1686762026 0.0636294073
-0.09151392583 0.1605842106 0.0649716298
-0.09664578211 0.1519890102 0.06631957101
-0.1009726069 0.1429630469 0.06767638199
-0.1044593617 0.1335823267 0.06904568652
-0.1070781311 0.1239256393 0.07043161537
-0.1088086855 0.1140739661 0.0718387686
-0.1096387205 0.1041096938 0.07327218505
-0.109563341 0.09411579795 0.07473735684
-0.1085850548 0.0841752269 0.07624014342
-0.1067142221 0.07437018715 0.07778660541
-0.1039679391 0.06478165599 0.07938296505
-0.1003694787 0.05548914284 0.08103543176
-0.09594841566 0.04657033521 0.08274991013
-0.09073986133 0.0381011859 0.08453171695
-0.08478350308 0.03015657225 0.08638516612
-0.07812370069 0.02281075474 0.08831295245
-0.07081005432 0.0161375946 0.09031541913
-0.06289688488 0.01021218358 0.09238945256
-0.05444501635 0.005110636805 0.09452732501
-0.04552516795 0.0009064449313 0.09671625933
-0.03621959067 -0.002333691379 0.09893844413
-0.02662242452 -0.004555403284 0.1011719961
-0.01683780293 -0.005721825804 0.1033925804
-0.006975869655 -0.005817021608 0.1055751399
0.002852372367 -0.004847429911 0.1076954953
0.01254052477 -0.002841363972 0.1097316093
0.02199185801 0.0001529977955 0.1116646011
0.03112353186 0.004070775167 0.1134795156
0.03986969376 0.008834328804 0.1151658052
0.0481833298 0.01435755355 0.1167175173
0.05603689357 0.02055010572 0.1181332159
0.06342186084 0.02732121322 0.1194156875
0.07034743796 0.03458281548 0.1205714938
0.07683868488 0.04225188869 0.1216104384
0.08293430587 0.05025191192 0.1225450033
0.08868432318 0.05851350962 0.123389802
0.09414779412 0.06697436047 0.1241610802
0.09939067194 0.07557849347 0.1248762799
0.1044838541 0.08427510334 0.1255536689
0.1095014138 0.09301701619 0.1262120296
