-0.6357 0 0
-0.6255989899 0 0
-0.6154979863 -9.404576552e-06 -4.92806347e-06
-0.6053969999 -2.846854878e-05 -1.476273229e-05
-0.5952960429 -5.741078574e-05 -2.946428706e-05
-0.5851951278 -9.641339095e-05 -4.897489447e-05
-0.5750942676 -0.0001456210241 -7.321882222e-05
-0.5649934751 -0.0002051403626 -0.0001021027209
-0.554892763 -0.0002750397048 -0.0001355159713
-0.5447921439 -0.0003553487162 -0.0001733310966
-0.5346916296 -0.0004460583207 -0.0002154042375
-0.5245912316 -0.0005471207355 -0.0002615756876
-0.5144909602 -0.0006584496506 -0.0003116704891
-0.5043908248 -0.0007799205531 -0.0003654990848
-0.4942908339 -0.000911371192 -0.0004228580244
-0.4841909943 -0.001052602186 -0.0004835307224
-0.4740913117 -0.001203377766 -0.0005472882659
-0.4639917902 -0.001363426658 -0.0006138902666
-0.4538924322 -0.001532443096 -0.0006830857571
-0.4437932386 -0.001710087958 -0.0007546141251
-0.4336942084 -0.001895990035 -0.000828206084
-0.423595339 -0.002089747413 -0.000903584676
-0.4134966261 -0.002290928969 -0.0009804663024
-0.4033980637 -0.00249907598 -0.001058561779
-0.3932996442 -0.002713703828 -0.001137577414
-0.3832013582 -0.002934303804 -0.001217216097
-0.3731031951 -0.003160345001 -0.001297178407
-0.3630051428 -0.003391276289 -0.001377163726
-0.3529071881 -0.003626528364 -0.001456871353
-0.3428093165 -0.003865515865 -0.001536001628
-0.3327115129 -0.004107639549 -0.001614257039
-0.3226137611 -0.004352288518 -0.001691343334
-0.3125160446 -0.004598842487 -0.00176697061
-0.3024183465 -0.004846674093 -0.001840854392
-0.2923206497 -0.005095151222 -0.001912716692
-0.2822229371 -0.005343639358 -0.001982287039
-0.2721251918 -0.005591503938 -0.002049303486
-0.2620273977 -0.005838112715 -0.002113513584
-0.2519295387 -0.006082838102 -0.002174675319
-0.2418316001 -0.006325059503 -0.002232558013
-0.2317335677 -0.006564165626 -0.002286943182
-0.2216354289 -0.006799556746 -0.002337625348
-0.2115371718 -0.007030646942 -0.002384412805
-0.2014387865 -0.007256866273 -0.002427128329
-0.1913402641 -0.007477662895 -0.002465609844
-0.1812415975 -0.00769250512 -0.00249971102
-0.1711427813 -0.00790088339 -0.002529301819
-0.1610438116 -0.008102312176 -0.002554268983
-0.1509446862 -0.008296331785 -0.002574516456
-0.1408454048 -0.008482510073 -0.002589965738
-0.1307459685 -0.008660444056 -0.002600556184
-0.1206463801 -0.008829761411 -0.002606245227
-0.1105466438 -0.008990114867 -0.002607006436
-0.1004467626 -0.009141002948 -0.00260277635
-0.09034673215 -0.00928129723 -0.002593318021
-0.08024653392 -0.009408367835 -0.002577975142
-0.07014613007 -0.009516593203 -0.002555263531
-0.0600454777 -0.009594784356 -0.002522181655
-0.04994462352 -0.009621393286 -0.002472955578
-0.03984411634 -0.009555564635 -0.002396748517
-0.02974625965 -0.0093335251 -0.002276855841
-0.01965700634 -0.008881873708 -0.002094199597
-0.009587810436 -0.008125845345 -0.001829438799
0.0004427748492 -0.006992680402 -0.001463818788
0.01040769682 -0.005412766802 -0.0009794806993
0.02027030504 -0.003321026663 -0.0003598351367
0.02998366073 -0.0006586082569 0.0004099868954
0.03949036468 0.002625162671 0.001342619036
0.04872300917 0.006570664947 0.00244790607
0.05760533656 0.01120583853 0.003732349864
0.06605414502 0.0165442 0.005198603719
0.07398191998 0.02258323094 0.00684507128
0.08130009312 0.02930336014 0.008665667285
0.08792274841 0.03666773755 0.01064979063
0.09377042746 0.04462299389 0.01278260761
0.0987730573 0.05310127947 0.01504595245
0.1028714109 0.06202315812 0.01741954477
0.1060157834 0.07130096356 0.01988239025
0.1081624843 0.08084120586 0.02241336073
0.1092733128 0.09054464096 0.02499013514
0.1093189481 0.1003057699 0.02758794905
0.1082843397 0.1100137464 0.03017930689
0.1061735435 0.1195554202 0.0327349589
0.1030120737 0.1288199949 0.03522556551
0.09884658559 0.1377042199 0.03762340089
0.09374257035 0.1461172396 0.03990385849
0.08778058175 0.153984511 0.04204654248
0.08105170701 0.1612504991 0.04403602106
0.07365276277 0.1678800503 0.04586223058
0.0656816559 0.1738584972 0.04752054175
0.05723327534 0.1791906806 0.04901153371
0.04839617251 0.1838991561 0.05034053578
0.03925017067 0.188021906 0.05151695401
0.02986492908 0.1916097859 0.05255364889
0.02029940284 0.194723968 0.05346631445
0.01060209202 0.1974335884 0.054272852
0.0008119359824 0.1998136894 0.05499281612
-0.009040292135 0.2019435016 0.05564694634
-0.01893022552 0.2039050577 0.05625678347
-0.02883789427 0.2057820878 0.05684435838
