-0.5142 0 0
-0.5040989899 0 0
-0.4939980044 -2.023854748e-05 -8.197099344e-06
-0.4838970891 -6.065690038e-05 -2.434989329e-05
-0.4737962891 -0.0001211122662 -4.818384102e-05
-0.4636956472 -0.0002013784047 -7.939241227e-05
-0.4535952032 -0.0003011465814 -0.0001176383682
-0.4434949936 -0.0004200268665 -0.0001625551711
-0.4333950505 -0.000557549775 -0.0002137485163
-0.4232954014 -0.0007131682378 -0.0002707979799
-0.4131960686 -0.0008862598982 -0.0003332587759
-0.4030970691 -0.001076129721 -0.0004006636137
-0.3929984142 -0.001282012902 -0.0004725246487
-0.382900109 -0.001503078071 -0.0005483355182
-0.372802153 -0.001738430763 -0.0006275734527
-0.3627045397 -0.001987117157 -0.0007097014546
-0.3526072568 -0.002248128051 -0.0007941705348
-0.3425102864 -0.002520403068 -0.0008804219975
-0.3324136055 -0.002802835074 -0.0009678897646
-0.3223171861 -0.00309427478 -0.001056002729
-0.3122209962 -0.00339353552 -0.001144187126
-0.3021249998 -0.003699398178 -0.001231868921
-0.2920291577 -0.004010616251 -0.001318476186
-0.2819334285 -0.00432592102 -0.001403441479
-0.2718377689 -0.004644026806 -0.001486204198
-0.2617421346 -0.004963636307 -0.001566212903
-0.251646481 -0.00528344597 -0.001642927611
-0.2415507642 -0.005602151396 -0.001715822031
-0.2314549415 -0.005918452745 -0.001784385753
-0.2213589721 -0.006231060125 -0.001848126364
-0.211262818 -0.006538698944 -0.001906571498
-0.2011664446 -0.006840115193 -0.001959270798
-0.1910698213 -0.007134080656 -0.002005797788
-0.1809729216 -0.007419398007 -0.002045751653
-0.1708757245 -0.00769490579 -0.002078758903
-0.1607782138 -0.007959483251 -0.002104474939
-0.1506803792 -0.008212054998 -0.002122585484
-0.140582216 -0.008451595491 -0.002132807902
-0.1304837254 -0.00867713331 -0.002134892379
-0.1203849144 -0.008887755218 -0.002128622971
-0.1102857958 -0.00908260997 -0.002113818509
-0.1001863864 -0.009260830047 -0.002090313751
-0.09008670091 -0.009421089444 -0.002057856835
-0.07998674328 -0.009560659816 -0.002015899681
-0.06988650417 -0.0096737128 -0.001963237696
-0.05978598497 -0.009748283308 -0.001897393698
-0.04968533174 -0.009760423497 -0.001813482208
-0.039585397 -0.009663788818 -0.00170228939
-0.02948921079 -0.009390954711 -0.001550735386
-0.01940388873 -0.008867355794 -0.001344567036
-0.009342383046 -0.008018296141 -0.00106964533
0.0006750198872 -0.006771537022 -0.0007124204916
0.01061942802 -0.005058468441 -0.0002601809433
0.02045241027 -0.002815579096 0.0002986422723
0.0301255039 1.379557504e-05 0.0009741216515
0.03958026659 0.00347751004 0.001774444368
0.04874896435 0.007612539023 0.002705511736
0.05755595699 0.0124429555 0.003770558728
0.06591979412 0.01797814645 0.004969831645
0.07375596997 0.02421147572 0.006300364761
0.08098021027 0.03111959762 0.007755894413
0.08751208993 0.0386625893 0.009326940715
0.09327871946 0.04678500432 0.01100107305
0.0982181999 0.05541786217 0.01276336107
0.1022821196 0.06448161063 0.0145973135
0.1054364713 0.07388969659 0.01648631981
0.1076610808 0.08355204671 0.01841517037
0.1089471375 0.09337794934 0.02037171266
0.1092942161 0.1032776824 0.02234786644
0.1087089343 0.1131631014 0.02433942353
0.1072034607 0.1229477159 0.02634572185
0.1047946363 0.1325463804 0.02836897828
0.1015045402 0.1418751796 0.030413272
0.09736085867 0.1508514646 0.0324836762
0.09239598584 0.1593932894 0.03458549206
0.0866471928 0.1674189834 0.03672324257
0.08015791953 0.1748475079 0.03889964272
0.07297725143 0.1815975833 0.04111433191
0.06516095711 0.1875877115 0.04336250163
0.05677428228 0.1927387508 0.04563424928
0.04789386909 0.1969776863 0.04791460996
0.0386082974 0.2002421944 0.05018430195
0.0290169732 0.202485537 0.0524213245
0.01922697411 0.2036803278 0.05460278015
0.009348471026 0.203820609 0.05670655173
-0.0005104501973 0.2029222217 0.05871277473
-0.01024890409 0.201021524 0.06060492256
-0.01977769095 0.1981727991 0.06237052422
-0.02902278824 0.1944447649 0.064001567
-0.03792767265 0.1899165958 0.06549457908
-0.04645447494 0.1846738878 0.06685031667
-0.05458410793 0.1788049642 0.06807308974
-0.06231550567 0.1723977453 0.06917009025
-0.0696639654 0.1655371481 0.07015127392
-0.07665900693 0.1583032646 0.07102916985
-0.08334215511 0.1507704623 0.07181834754
-0.08976467896 0.1430072108 0.0725349327
-0.09598539984 0.1350765262 0.07319618695
-0.1020686272 0.1270369121 0.0738201534
-0.1080822328 0.1189436646 0.07442536029
