-0.8785 0 0
-0.8683989899 0 0
-0.8582979901 8.70561598e-07 -1.367613318e-05
-0.8481970177 2.167298888e-06 -4.08934004e-05
-0.8380960901 3.444142758e-06 -8.146332064e-05
-0.8279952237 4.255102749e-06 -0.0001351446778
-0.8178944335 4.156028499e-06 -0.0002016444765
-0.8077937332 2.706363768e-06 -0.0002806191022
-0.797693135 -5.291138989e-07 -0.0003716756819
-0.7875926494 -5.978574759e-06 -0.0004743736393
-0.7774922852 -1.40614465e-05 -0.0005882264381
-0.7673920492 -2.518675857e-05 -0.000712703507
-0.7572919465 -3.975152778e-05 -0.0008472323375
-0.7471919801 -5.813919139e-05 -0.0009912007476
-0.7370921514 -8.071809408e-05 -0.001143959301
-0.7269924597 -0.0001078400344 -0.001304823874
-0.7168929027 -0.0001398388768 -0.001473078357
-0.7067934764 -0.0001770292341 -0.00164797748
-0.6966941751 -0.0002197052262 -0.001828749761
-0.686594992 -0.0002681393197 -0.002014600542
-0.6764959189 -0.000322581252 -0.002204715134
-0.6663969465 -0.000383257046 -0.002398262024
-0.6562980648 -0.0004503681172 -0.002594396159
-0.6461992629 -0.0005240904781 -0.002792262276
-0.6361005297 -0.0006045740429 -0.002990998281
-0.6260018538 -0.0006919420339 -0.00318973864
-0.6159032239 -0.0007862904935 -0.003387617801
-0.6058046286 -0.0008876879037 -0.003583773602
-0.5957060572 -0.0009961749131 -0.003777350676
-0.5856074996 -0.001111764174 -0.003967503821
-0.5755089463 -0.001234440291 -0.004153401335
-0.565410389 -0.001364159876 -0.004334228303
-0.5553118203 -0.00150085172 -0.004509189805
-0.5452132342 -0.00164441707 -0.004677514063
-0.5351146259 -0.001794730017 -0.004838455479
-0.5250159921 -0.001951637987 -0.004991297587
-0.514917331 -0.002114962348 -0.005135355882
-0.504818642 -0.002284499107 -0.00526998052
-0.4947199263 -0.002460019716 -0.005394558895
-0.4846211865 -0.002641271975 -0.005508518053
-0.4745224264 -0.002827981024 -0.005611326964
-0.4644236513 -0.003019850433 -0.005702498618
-0.4543248675 -0.003216563367 -0.005781591957
-0.4442260826 -0.003417783845 -0.005848213614
-0.4341273048 -0.003623158063 -0.005902019476
-0.4240285434 -0.003832315796 -0.005942716043
-0.413929808 -0.004044871862 -0.005970061589
-0.4038311085 -0.004260427647 -0.005983867121
-0.3937324553 -0.004478572683 -0.005983997127
-0.3836338582 -0.004698886271 -0.005970370109
-0.3735353273 -0.004920939147 -0.005942958908
-0.3634368719 -0.005144295182 -0.005901790811
-0.3533385005 -0.00536851311 -0.005846947438
-0.3432402211 -0.005593148271 -0.005778564422
-0.3331420402 -0.005817754373 -0.00569683087
-0.3230439634 -0.006041885258 -0.00560198861
-0.3129459947 -0.006265096665 -0.005494331236
-0.3028481367 -0.00648694799 -0.005374202944
-0.2927503903 -0.006707004026 -0.005241997166
-0.2826527547 -0.006924836682 -0.005098155017
-0.2725552275 -0.007140026678 -0.004943163544
-0.2624578042 -0.007352165197 -0.004777553805
-0.2523604789 -0.007560855503 -0.004601898764
-0.2422632436 -0.0077657145 -0.004416811028
-0.2321660888 -0.007966374251 -0.004222940423
-0.2220690033 -0.008162483424 -0.004020971434
-0.2119719745 -0.008353707726 -0.003811619987
-0.2018749881 -0.008539694967 -0.003595612799
-0.1917780276 -0.008719977702 -0.003373640781
-0.1816810735 -0.008893796074 -0.003146285707
-0.1715841022 -0.00905981679 -0.002913918753
-0.1614870855 -0.009215715092 -0.002676569109
-0.1513899916 -0.009357575884 -0.002433761176
-0.1412927937 -0.009479063408 -0.002184321891
-0.1311954963 -0.009570328144 -0.001926170437
-0.1210982041 -0.009616737335 -0.001656133425
-0.1110012691 -0.009597874653 -0.001369891628
-0.1009055485 -0.009487724683 -0.001062195613
-0.09081274181 -0.009256447751 -0.0007273088011
-0.08072572956 -0.008872743155 -0.0003594240285
-0.07064885059 -0.008305618151 4.710243842e-05
-0.06058813571 -0.007524986672 0.0004976739448
-0.05055150616 -0.006501893004 0.0009974042071
-0.0405489242 -0.005208758466 0.001551065049
-0.03059248862 -0.00361964866 0.002163031885
-0.02069646872 -0.001710556722 0.002837228104
-0.0108772711 0.0005403040663 0.003577069901
-0.001153335403 0.00315220699 0.004385413396
0.008455043089 0.006141628307 0.005264506183
0.01792596345 0.009521984996 0.006215945562
0.0272362386 0.01330340624 0.007240645789
0.03636177789 0.017492551 0.008338816518
0.04527846998 0.02209167463 0.009509732853
0.05398338088 0.02706439686 0.01074542749
0.06249179607 0.03235337424 0.01203537776
0.07082600463 0.03790237405 0.01336952626
0.07901401423 0.04365679028 0.01473831292
0.0870884006 0.04956361215 0.0161326317
0.09508515198 0.05557119886 0.01754374988
0.1030425215 0.06162890628 0.01896319927
