-0.7571 0 0
-0.7469989899 0 0
-0.7368980167 9.250732037e-06 -2.51396423e-05
-0.7267971477 2.691425345e-05 -7.523316715e-05
-0.7166964468 5.210428014e-05 -0.0001499514249
-0.706595972 8.389128813e-05 -0.0002488237935
-0.6964957745 0.000121307864 -0.0003712409141
-0.6863958973 0.0001633542723 -0.0005164582264
-0.6762963747 0.0002090042074 -0.0006836002824
-0.666197232 0.000257210696 -0.0008716658105
-0.6560984847 0.0003069121156 -0.0010795335
-0.6460001387 0.0003570382941 -0.00130596847
-0.6359021905 0.0004065166553 -0.001549629384
-0.6258046273 0.0004542783758 -0.001809076171
-0.6157074277 0.0004992645162 -0.002082778299
-0.6056105625 0.0005404320948 -0.002369123564
-0.5955139954 0.0005767600663 -0.002666427338
-0.5854176844 0.0006072551748 -0.002972942222
-0.5753215829 0.0006309576463 -0.00328686805
-0.565225641 0.0006469466902 -0.003606362199
-0.5551298066 0.000654345778 -0.003929550122
-0.5450340275 0.0006523276708 -0.004254536076
-0.534938252 0.0006401191665 -0.00457941396
-0.5248424311 0.0006170055398 -0.004902278222
-0.514746519 0.0005823346516 -0.005221234757
-0.504650475 0.0005355207016 -0.00553441175
-0.4945542641 0.0004760476044 -0.005839970398
-0.4844578585 0.0004034719687 -0.006136115445
-0.4743612376 0.0003174256615 -0.006421105484
-0.4642643893 0.0002176179427 -0.006693262951
-0.45416731 0.0001038371555 -0.006950983763
-0.4440700048 -2.404803675e-05 -0.007192746553
-0.4339724874 -0.0001660878768 -0.007417121422
-0.42387478 -0.0003222512072 -0.007622778183
-0.4137769126 -0.0004924256355 -0.007808494037
-0.4036789223 -0.0006764181699 -0.007973160631
-0.3935808526 -0.0008739563237 -0.008115790464
-0.3834827522 -0.001084689682 -0.008235522593
-0.3733846738 -0.00130819192 -0.008331627615
-0.363286673 -0.001543963269 -0.008403511888
-0.3531888066 -0.001791433402 -0.008450720957
-0.3430911314 -0.002049964738 -0.008472942188
-0.3329937027 -0.002318856132 -0.008470006565
-0.322896573 -0.002597346935 -0.008441889662
-0.3127997903 -0.0028846214 -0.008388711774
-0.3027033969 -0.0031798134 -0.008310737204
-0.2926074287 -0.003482011444 -0.008208372722
-0.2825119135 -0.00379026394 -0.008082165199
-0.2724168703 -0.004103584698 -0.007932798425
-0.2623223091 -0.004420958613 -0.007761089152
-0.2522282298 -0.004741347518 -0.007567982359
-0.2421346223 -0.005063696162 -0.007354545793
-0.2320414664 -0.005386938274 -0.007121963802
-0.2219487319 -0.005710002685 -0.00687153051
-0.2118563793 -0.006031819474 -0.006604642366
-0.2017643601 -0.006351326092 -0.006322790111
-0.1916726179 -0.006667473442 -0.006027550221
-0.1815810893 -0.00697923188 -0.005720575857
-0.1714897051 -0.007285597088 -0.00540358739
-0.1613983917 -0.007585594008 -0.005078361074
-0.1513070724 -0.007878267582 -0.00474670802
-0.1412156688 -0.008162645543 -0.004410436471
-0.1311241017 -0.008437650553 -0.004071289122
-0.1210322915 -0.008701926509 -0.003730845431
-0.1109401581 -0.008953524309 -0.00339037636
-0.1008476196 -0.009189358828 -0.00305063461
-0.09075459191 -0.009404284924 -0.002711554217
-0.08066099757 -0.009589500083 -0.002371811584
-0.07056680944 -0.009729620477 -0.002028141962
-0.06047222871 -0.009796714542 -0.001674143964
-0.05037838703 -0.009738051356 -0.001298252258
-0.04028923862 -0.009476292345 -0.0008848016823
-0.03021402365 -0.008926775506 -0.0004174172044
-0.02016946518 -0.008005521867 0.0001197129542
-0.01018156925 -0.006632255844 0.0007413603501
-0.0002870223405 -0.004732097515 0.001460879559
0.009465972516 -0.002237627131 0.002289779203
0.01901756697 0.0009087498031 0.003237259554
0.02829697529 0.004752278141 0.004309748369
0.03722410525 0.009323378347 0.005510478316
0.04571212622 0.01463548423 0.006839157261
0.05367089195 0.02068348202 0.008291784445
0.0610110253 0.02744302552 0.009860659078
0.06764836723 0.03487094077 0.01153461239
0.07350841391 0.04290682771 0.01329947101
0.07853033497 0.05147582884 0.01513873188
0.08267019409 0.0604923889 0.01703440157
0.08590308112 0.06986470226 0.01896793135
0.08822399761 0.07949946068 0.02092116757
0.0896474922 0.08930648932 0.02287723743
0.09020718331 0.09920282244 0.02482138138
0.08995674288 0.1091164483 0.02674171054
0.08896888634 0.1189901555 0.02862967499
0.08732781789 0.1287836558 0.03048024573
0.08512367979 0.1384733552 0.03229183948
0.08244986805 0.1480511157 0.03406598851
0.07940105344 0.157522352 0.03580690418
0.07607191537 0.1669036724 0.03752097592
0.07255652025 0.1762202416 0.03921623731
0.0689482214 0.1855029873 0.04090181935
