-0.3928 0 0
-0.3826989899 0 0
-0.3725980931 -4.38221664e-05 -1.868504313e-05
-0.3624975153 -0.0001298825484 -5.481651195e-05
-0.3523974341 -0.0002564270565 -0.000107085514
-0.342297997 -0.0004215387685 -0.0001741182535
-0.3321993198 -0.000623145881 -0.0002544816547
-0.3221014863 -0.0008590302633 -0.0003466892108
-0.3120045484 -0.001126836572 -0.0004492070309
-0.3019085268 -0.001424081879 -0.0005604600591
-0.291813412 -0.001748165778 -0.000678838438
-0.2817191667 -0.002096380907 -0.0008027039921
-0.2716257274 -0.002465923866 -0.0009303968043
-0.2615330075 -0.002853906462 -0.00106024186
-0.2514409005 -0.003257367255 -0.001190555737
-0.2413492836 -0.003673283359 -0.001319653311
-0.2312580211 -0.004098582445 -0.001445854464
-0.2211669689 -0.004530154921 -0.001567490762
-0.2110759784 -0.004964866235 -0.001682912085
-0.2009849009 -0.005399569271 -0.001790493183
-0.1908935918 -0.005831116784 -0.001888640149
-0.1808019148 -0.006256373849 -0.001975796766
-0.1707097458 -0.006672230272 -0.002050450723
-0.1606169769 -0.007075612926 -0.002111139675
-0.1505235198 -0.00746349797 -0.002156457117
-0.1404293089 -0.007832922909 -0.002185058058
-0.1303343044 -0.008180998449 -0.002195664475
-0.1202384941 -0.008504920103 -0.00218707051
-0.1101418955 -0.008801979504 -0.002158147406
-0.1000445568 -0.009069575383 -0.002107848147
-0.08994655776 -0.009305208468 -0.002035207937
-0.07984800114 -0.009506030971 -0.001939241231
-0.06974900376 -0.009667587549 -0.00181867429
-0.0596497074 -0.009781273123 -0.001671454004
-0.04955037346 -0.009829205339 -0.001493855202
-0.03945180873 -0.009773320922 -0.001278791958
-0.02935672533 -0.009549166235 -0.001015296701
-0.01927172266 -0.009082136151 -0.0006912796028
-0.009209124828 -0.008296422002 -0.0002948455991
0.000811470666 -0.007118466273 0.0001852237262
0.01076186287 -0.005478158009 0.0007592119625
0.0206042432 -0.003310287953 0.001436165013
0.03029062273 -0.0005562991055 0.002223547904
0.03976279842 0.002833723981 0.003126877218
0.04895295629 0.006898931415 0.004149353261
0.05778498174 0.01166560133 0.005291523517
0.06617650054 0.01714524202 0.006551014144
0.07404160954 0.02333311841 0.007922367828
0.08129417917 0.03020741763 0.009397022781
0.08785153159 0.03772923724 0.01096345853
0.09363823182 0.04584351633 0.01260751958
0.09858968842 0.05448093973 0.01431290969
0.1026552138 0.06356075624 0.01606185124
0.1057996364 0.07299446887 0.01783612114
0.1080031094 0.08268977246 0.01961829868
0.1092590292 0.09255401614 0.02139304509
0.1095702919 0.1024964907 0.02314823127
0.1089463699 0.112429177 0.02487531766
0.1074023819 0.1222667426 0.02656906193
0.1049576534 0.1319261371 0.02822730326
0.101636225 0.1413263501 0.02985040921
0.0974682893 0.1503888915 0.03144069844
0.09248998469 0.1590380871 0.03300219283
0.08674341532 0.1672015037 0.03454035228
0.08027705552 0.1748108265 0.03606178653
0.07314556043 0.1818026214 0.037574052
0.06540904967 0.1881186549 0.03908550371
0.05713274707 0.1937065014 0.04060509307
0.04838667354 0.1985204424 0.04214214698
0.03924456933 0.2025211857 0.04370622768
0.02978324967 0.2056758017 0.04530691306
0.0200822166 0.2079581273 0.04695351927
0.01022302517 0.2093481896 0.04865482348
0.0002889509875 0.2098312245 0.05041868622
-0.009634899247 0.2093974189 0.05225154556
-0.01946133192 0.2080417869 0.05415781057
-0.02910031367 0.205762395 0.05613891284
-0.0384578202 0.2025605891 0.05819217177
-0.04743570087 0.1984444441 0.06031004076
-0.05593239574 0.1934314313 0.06247942729
-0.06384579665 0.1875529224 0.06468205662
-0.07107797234 0.1808577482 0.06689579441
-0.07754040106 0.1734129298 0.06909626041
-0.08315890345 0.1653019887 0.07125853255
-0.08787757542 0.1566213345 0.07335870755
-0.09166127259 0.1474753966 0.07537509406
-0.09449665921 0.1379713354 0.07728919034
-0.09639185036 0.1282138462 0.07908641534
-0.0973748137 0.1183004826 0.0807565558
-0.09749081998 0.1083178277 0.08229392702
-0.0967992989 0.09833871054 0.08369727659
-0.09537046667 0.08842053001 0.08496948174
-0.09328205189 0.07860463147 0.086117103
-0.09061637504 0.06891659949 0.08714985687
-0.08745795083 0.05936728269 0.08808006367
-0.08389169811 0.04995435679 0.08892211389
-0.08000176864 0.04066424731 0.08969198222
-0.07587094999 0.03147426628 0.09040680385
-0.07158055823 0.02235485675 0.09108451538
-0.06721071199 0.01327187823 0.09174355257
