6.12323e-18           0           0
 0.00396909 7.87994e-05 0.000631866
 0.00793192 0.000315073  0.00126373
  0.0118823  0.00070845   0.0018956
  0.0158139  0.00125831  0.00252746
  0.0197206  0.00196378  0.00315933
  0.0235962  0.00282376   0.0037912
  0.0274346  0.00383689  0.00442306
  0.0312298  0.00500157  0.00505493
  0.0349757  0.00631596   0.0056868
  0.0386666    0.007778  0.00631866
  0.0422965  0.00938538  0.00695053
  0.0458597   0.0111356  0.00758239
  0.0493507   0.0130258  0.00821426
  0.0527639   0.0150531  0.00884613
  0.0560939   0.0172143  0.00947799
  0.0593356    0.019506   0.0101099
  0.0624837   0.0219245   0.0107417
  0.0655333    0.024466   0.0113736
  0.0684797   0.0271266   0.0120055
  0.0713182   0.0299021   0.0126373
  0.0740442    0.032788   0.0132692
  0.0766536   0.0357798   0.0139011
  0.0791421   0.0388729   0.0145329
  0.0815059   0.0420623   0.0151648
  0.0837413    0.045343   0.0157967
  0.0858447   0.0487098   0.0164285
  0.0878128   0.0521575   0.0170604
  0.0896425   0.0556805   0.0176923
   0.091331   0.0592735   0.0183241
  0.0928755   0.0629306    0.018956
  0.0942736   0.0666461   0.0195879
  0.0955232   0.0704142   0.0202197
  0.0966222   0.0742289   0.0208516
  0.0975689   0.0780842   0.0214835
  0.0983619   0.0819741   0.0221153
  0.0989999   0.0858924   0.0227472
  0.0994818   0.0898329   0.0233791
   0.099807   0.0937894   0.0240109
  0.0999748   0.0977557   0.0246428
  0.0999851    0.101726   0.0252746
  0.0998378    0.105693   0.0259065
  0.0995332    0.109651   0.0265384
  0.0990717    0.113594   0.0271702
  0.0984541    0.117515   0.0278021
  0.0976813    0.121409    0.028434
  0.0967546     0.12527   0.0290658
  0.0956754     0.12909   0.0296977
  0.0944454    0.132864   0.0303296
  0.0930666    0.136587   0.0309614
   0.091541    0.140252   0.0315933
  0.0898713    0.143854   0.0322252
  0.0880598    0.147386    0.032857
  0.0861097    0.150844   0.0334889
  0.0840237    0.154222   0.0341208
  0.0818054    0.157514   0.0347526
  0.0794582    0.160716   0.0353845
  0.0769857    0.163822   0.0360164
  0.0743919    0.166827   0.0366482
  0.0716809    0.169727   0.0372801
  0.0688568    0.172517    0.037912
  0.0659243    0.175193   0.0385438
  0.0628879     0.17775   0.0391757
  0.0597524    0.180185   0.0398076
  0.0565226    0.182494   0.0404394
  0.0532039    0.184672   0.0410713
  0.0498012    0.186717   0.0417032
  0.0463201    0.188625    0.042335
   0.042766    0.190394   0.0429669
  0.0391445     0.19202   0.0435988
  0.0354613    0.193501   0.0442306
  0.0317222    0.194835   0.0448625
  0.0279331    0.196019   0.0454944
     0.0241    0.197053   0.0461262
  0.0202289    0.197933   0.0467581
  0.0163259    0.198658     0.04739
  0.0123972    0.199229   0.0480218
 0.00844897    0.199642   0.0486537
 0.00448741    0.199899   0.0492856
0.000518785    0.199999   0.0499174
-0.00345066     0.19994   0.0505493
-0.00741467    0.199725   0.0511812
  -0.011367    0.199352    0.051813
 -0.0153014    0.198822   0.0524449
 -0.0192117    0.198137   0.0530768
 -0.0230917    0.197297   0.0537086
 -0.0269353    0.196304   0.0543405
 -0.0307365    0.195159   0.0549724
 -0.0344892    0.193864   0.0556042
 -0.0381876    0.192421   0.0562361
 -0.0418258    0.190833    0.056868
 -0.0453981    0.189101   0.0574998
 -0.0488988    0.187229   0.0581317
 -0.0523225    0.185219   0.0587636
 -0.0556637    0.183076   0.0593954
 -0.0589172    0.180801   0.0600273
 -0.0620778    0.178399   0.0606592
 -0.0651406    0.175873    0.061291
 -0.0681007    0.173228   0.0619229
 -0.0709535    0.170467   0.0625548
 -0.0736945    0.167595   0.0631866
 -0.0763194    0.164617   0.0638185
 -0.0788239    0.161537   0.0644504
 -0.0812043     0.15836   0.0650822
 -0.0834566    0.155091   0.0657141
 -0.0855775    0.151735    0.066346
 -0.0875634    0.148297   0.0669778
 -0.0894114    0.144784   0.0676097
 -0.0911185      0.1412   0.0682416
 -0.0926819    0.137551   0.0688734
 -0.0940993    0.133843   0.0695053
 -0.0953684    0.130081   0.0701372
 -0.0964872    0.126272    0.070769
 -0.0974539    0.122422   0.0714009
 -0.0982671    0.118536   0.0720328
 -0.0989254    0.114621   0.0726646
 -0.0994277    0.110683   0.0732965
 -0.0997734    0.106728   0.0739283
 -0.0999618    0.102763   0.0745602
 -0.0999927   0.0987931   0.0751921
  -0.099866   0.0948253   0.0758239
 -0.0995819   0.0908656   0.0764558
 -0.0991409   0.0869203   0.0770877
 -0.0985436   0.0829956   0.0777195
 -0.0977911   0.0790977   0.0783514
 -0.0968844   0.0752328   0.0789833
  -0.095825   0.0714069   0.0796151
 -0.0946146    0.067626    0.080247
 -0.0932551   0.0638962   0.0808789
 -0.0917486   0.0602233   0.0815107
 -0.0900976    0.056613   0.0821426
 -0.0883045   0.0530712   0.0827745
 -0.0863723   0.0496033   0.0834063
 -0.0843039   0.0462148   0.0840382
 -0.0821027   0.0429111   0.0846701
 -0.0797721   0.0396973   0.0853019
 -0.0773158   0.0365786   0.0859338
 -0.0747376   0.0335599   0.0865657
 -0.0720416   0.0306458   0.0871975
 -0.0692321   0.0278411   0.0878294
 -0.0663135     0.02515   0.0884613
 -0.0632904    0.022577   0.0890931
 -0.0601675   0.0201259    0.089725
 -0.0569499   0.0178008   0.0903569
 -0.0536424   0.0156051   0.0909887
 -0.0502504   0.0135425   0.0916206
 -0.0467793   0.0116162   0.0922525
 -0.0432344  0.00982911   0.0928843
 -0.0396213  0.00818415   0.0935162
 -0.0359459   0.0066839   0.0941481
 -0.0322137  0.00533071   0.0947799
 -0.0284308  0.00412671   0.0954118
 -0.0246031  0.00307382   0.0960437
 -0.0207367  0.00217367   0.0966755
 -0.0168375   0.0014277   0.0973074
 -0.0129118  0.00083708   0.0979393
-0.00896578 0.000402737   0.0985711
-0.00500561 0.000125359    0.099203
-0.00103756 5.38276e-06   0.0998349
 0.00293214 4.29964e-05    0.100467
 0.00689721 0.000238141    0.101099
  0.0108514 0.000590509     0.10173
  0.0147885  0.00109955    0.102362
  0.0187023  0.00176445    0.102994
  0.0225866  0.00258417    0.103626
  0.0264354  0.00355742    0.104258
  0.0302424  0.00468265     0.10489
  0.0340018  0.00595811    0.105522
  0.0377076  0.00738178    0.106154
   0.041354  0.00895141    0.106785
  0.0449352   0.0106645    0.107417
  0.0484456   0.0125185    0.108049
  0.0518797   0.0145102    0.108681
   0.055232   0.0166368    0.109313
  0.0584972   0.0188946    0.109945
  0.0616702   0.0212804    0.110577
  0.0647461   0.0237901    0.111208
  0.0677199     0.02642     0.11184
   0.070587   0.0291659    0.112472
  0.0733429   0.0320233    0.113104
  0.0759831    0.034988    0.113736
  0.0785036    0.038055    0.114368
  0.0809004   0.0412197       0.115
  0.0831697    0.044477    0.115632
  0.0853079   0.0478219    0.116263
  0.0873117   0.0512489    0.116895
  0.0891779   0.0547528    0.117527
  0.0909035    0.058328    0.118159
  0.0924859   0.0619689    0.118791
  0.0939225   0.0656697    0.119423
  0.0952111   0.0694247    0.120055
  0.0963496   0.0732278    0.120686
  0.0973363   0.0770731    0.121318
  0.0981696   0.0809545     0.12195
  0.0988482   0.0848659    0.122582
   0.099371   0.0888012    0.123214
  0.0997371   0.0927542    0.123846
  0.0999461   0.0967186    0.124478
  0.0999976    0.100688     0.12511
  0.0998915    0.104657    0.125741
