-0.89285 0 0
-0.8827489899 0 0
-0.8726479895 1.389442476e-05 -1.066656847e-22
-0.8625470169 4.13433442e-05 -2.685385195e-22
-0.8524460888 8.19969777e-05 -4.353649033e-22
-0.8423452206 0.000135495952 -5.60203042e-22
-0.8322444261 0.0002014715658 -6.019645501e-22
-0.8221437179 0.0002795460614 -5.280135108e-22
-0.8120431071 0.000369332902 -3.164806344e-22
-0.8019426031 0.000470437056 4.19969138e-23
-0.7918422144 0.0005824552864 5.433313021e-22
-0.7817419475 0.0007049764463 1.16997531e-21
-0.7716418081 0.0008375817802 1.891901521e-21
-0.7615418 0.0009798452299 2.668534474e-21
-0.7514419261 0.001131333746 3.451519065e-21
-0.7413421878 0.001291607602 4.188135852e-21
-0.7312425853 0.001460220719 4.825119388e-21
-0.7211431175 0.001636720987 5.312599645e-21
-0.7110437823 0.001820650593 5.607872642e-21
-0.7009445764 0.002011546357 5.678718511e-21
-0.6908454954 0.002208940067 5.506016315e-21
-0.680746534 0.002412358816 5.085456804e-21
-0.6706476858 0.00262132535 4.428221572e-21
-0.6605489437 0.002835358408 3.560574218e-21
-0.6504502998 0.003053973073 2.522389568e-21
-0.6403517453 0.003276681123 1.364726149e-21
-0.6302532709 0.003502991385 1.466173474e-22
-0.6201548667 0.003732410083 -1.068687703e-21
-0.6100565221 0.003964441205 -2.217763832e-21
-0.5999582264 0.004198586851 -3.241041899e-21
-0.5898599682 0.004434347599 -4.086549303e-21
-0.5797617361 0.004671222861 -4.713099545e-21
-0.5696635184 0.004908711246 -5.09271529e-21
-0.5595653033 0.005146310922 -5.212128787e-21
-0.549467079 0.005383519974 -5.073272795e-21
-0.5393688338 0.005619836771 -4.692750019e-21
-0.5292705562 0.005854760323 -4.100342952e-21
-0.5191722346 0.006087790644 -3.336693796e-21
-0.5090738581 0.006318429115 -2.450340683e-21
-0.4989754161 0.006546178838 -1.494337596e-21
-0.4888768983 0.006770545001 -5.227087093e-22
-0.4787782952 0.006991035228 4.130078181e-22
-0.4686795977 0.007207159943 1.266886811e-21
-0.4585807975 0.007418432714 2.001206165e-21
-0.4484818871 0.007624370615 2.588339321e-21
-0.4383828598 0.007824494565 3.01184757e-21
-0.4282837099 0.008018329684 3.266731218e-21
-0.4181844325 0.008205405631 3.358862942e-21
-0.4080850238 0.008385256947 3.3036875e-21
-0.3979854813 0.008557423393 3.124321239e-21
-0.3878858032 0.008721450285 2.849225346e-21
-0.3777859893 0.008876888822 2.509651192e-21
-0.3676860405 0.009023296415 2.137062657e-21
-0.3575859589 0.00916023701 1.76073292e-21
-0.3474857479 0.009287281403 1.405690364e-21
-0.3373854125 0.009404007556 1.091153253e-21
-0.3272849587 0.009510000904 8.295488596e-22
-0.3171843941 0.00960485466 6.261616567e-22
-0.3070837278 0.009688170111 4.794046816e-22
-0.2969829702 0.009759556911 3.816566544e-22
-0.286882133 0.009818633368 3.205644192e-22
-0.2767812296 0.009865026726 2.806806243e-22
-0.2666802747 0.009898373435 2.452857914e-22
-0.2565792845 0.009918319422 1.982385902e-22
-0.2464782765 0.009924520352 1.25701912e-22
-0.2363772709 0.009915129857 1.755826154e-23
-0.2262763046 0.009885457408 -1.315605601e-22
-0.2161754479 0.009829822059 -3.216608054e-22
-0.2060748149 0.00974256214 -5.472829928e-22
-0.1959745725 0.009618039759 -7.978965843e-22
-0.1858749498 0.009450645468 -1.058759441e-21
-0.1757762462 0.009234803102 -1.312160032e-21
-0.1656788409 0.008964974827 -1.538932719e-21
-0.1555832004 0.008635666409 -1.720119415e-21
-0.1454898867 0.00824143272 -1.838635422e-21
-0.1353995648 0.007776883506 -1.880810733e-21
-0.1253130098 0.007236689408 -1.837701588e-21
-0.1152311135 0.006615588266 -1.706044393e-21
-0.1051548902 0.005908391691 -1.488792705e-21
-0.09508548315 0.005109991919 -1.195220541e-21
-0.08502416858 0.004215368929 -8.405291406e-22
-0.07497236073 0.003219597836 -4.450169681e-22
-0.06493161538 0.002117856518 -3.289336039e-23
-0.05490363295 0.0009054334907 3.692253025e-22
-0.04489026087 -0.0004222640153 7.339804453e-22
-0.03489349515 -0.001869701791 1.034990748e-21
-0.0249154812 -0.003441210233 1.248595779e-21
-0.01495851389 -0.005140975806 1.355369806e-21
-0.005025036682 -0.00697303243 1.341315469e-21
0.00488236002 -0.008941252832 1.198738725e-21
0.01476094138 -0.01104933991 9.267161729e-22
0.02460783158 -0.01330081817 5.309808245e-22
0.03442001806 -0.01569902526 2.340015011e-23
0.04419997495 -0.01822545436 -5.802210546e-22
0.05395091923 -0.02086164225 -1.260398204e-21
0.06367670676 -0.02358917921 -1.995697513e-21
0.07338172709 -0.02638971156 -2.764965143e-21
0.08307079737 -0.029244938 -3.549655893e-21
0.09274905583 -0.03213660092 -4.336250817e-21
0.1024218548 -0.03504647395 -5.118772388e-21
