-0.7857 0 0
-0.7755989899 0 0
-0.7654979923 1.588621897e-05 3.963845113e-19
-0.7553970307 4.715249587e-05 1.04881788e-18
-0.745296126 9.328975711e-05 1.820323392e-18
-0.7351952971 0.000153786114 2.582916832e-18
-0.7250945606 0.0002281269591 3.224254427e-18
-0.714993931 0.000315795062 3.654192109e-18
-0.7048934207 0.0004162706658 3.810288291e-18
-0.69479304 0.0005290315857 3.66147462e-18
-0.6846927975 0.0006535533084 3.209359575e-18
-0.6745926998 0.0007893090948 2.48690173e-18
-0.6644927516 0.0009357700846 1.554472463e-18
-0.6543929561 0.001092405404 4.93598771e-19
-0.6442933147 0.001258682272 -6.010870533e-19
-0.6341938274 0.001434066117 -1.630982754e-18
-0.6240944925 0.00161802068 -2.502917395e-18
-0.6139953071 0.001810008131 -3.137967774e-18
-0.603896267 0.002009489178 -3.478889035e-18
-0.5937973666 0.002215923175 -3.495484486e-18
-0.5836985993 0.00242876823 -3.187429209e-18
-0.5735999574 0.002647481307 -2.584297531e-18
-0.5635014322 0.00287151833 -1.74280293e-18
-0.5534030141 0.003100334279 -7.415168108e-19
-0.5433046928 0.003333383288 3.264349408e-19
-0.5332064573 0.003570118735 1.362012996e-18
-0.5231082959 0.003809993341 2.269436571e-18
-0.5130101964 0.004052459253 2.965033081e-18
-0.5029121461 0.004296968139 3.384945469e-18
-0.4928141321 0.004542971281 3.490984858e-18
-0.4827161412 0.004789919664 3.274091731e-18
-0.4726181599 0.005037264073 2.755091584e-18
-0.4625201749 0.005284455187 1.982683582e-18
-0.4524221728 0.005530943684 1.02885692e-18
-0.4423241402 0.005776180337 -1.783245731e-20
-0.4322260639 0.006019616123 -1.06049545e-18
-0.4221279314 0.006260702326 -2.002887172e-18
-0.41202973 0.006498890649 -2.758295191e-18
-0.401931448 0.006733633319 -3.257517557e-18
-0.3918330739 0.0069643832 -3.455196409e-18
-0.3817345972 0.007190593899 -3.333928581e-18
-0.3716360078 0.007411719876 -2.905781532e-18
-0.3615372967 0.007627216547 -2.211084935e-18
-0.3514384558 0.00783654039 -1.314619765e-18
-0.3413394779 0.008039149046 -2.995666602e-19
-0.3312403571 0.008234501418 7.402195239e-19
-0.3211410885 0.008422057766 1.708890189e-18
-0.3110416685 0.008601279804 2.517434748e-18
-0.300942095 0.008771630793 3.091849576e-18
-0.2908423673 0.008932575631 3.379894691e-18
-0.280742486 0.00908358095 3.355821884e-18
-0.2706424536 0.009224115206 3.02264729e-18
-0.2605422742 0.009353648773 2.411768948e-18
-0.2504419534 0.009471654041 1.579974671e-18
-0.2403414991 0.009577605512 6.041250436e-19
-0.2302409206 0.009670979904 -4.259915686e-19
-0.2201402295 0.00975125625 -1.415970044e-18
-0.2100394394 0.009817916008 -2.27550062e-18
-0.199938566 0.009870443163 -2.92668554e-18
-0.1898376269 0.009908324341 -3.311204685e-18
-0.1797366425 0.009931048913 -3.395683401e-18
-0.1696356347 0.009937820047 -3.174686296e-18
-0.1595346355 0.009922979877 -2.669703518e-18
-0.1494337484 0.009873140314 -1.926339702e-18
-0.1393332403 0.009772446882 -1.011754234e-18
-0.1292336172 0.009605058738 -8.992931416e-21
-0.119135699 0.009355156565 9.907372381e-19
-0.1090406924 0.009006953404 1.896487208e-18
-0.09895026456 0.008544709092 2.625920298e-18
-0.08886661507 0.007952748969 3.112845462e-18
-0.07879254693 0.007215487497 3.313248788e-18
-0.06873153577 0.006317457399 3.209277943e-18
-0.05868779715 0.005243344864 2.810827913e-18
-0.0486663509 0.003978031366 2.154590529e-18
-0.03867308228 0.002506642507 1.300643432e-18
-0.02871479882 0.0008146042744 3.269051563e-19
-0.01879928222 -0.001112293033 -6.780415051e-19
-0.008935334151 -0.003287823069 -1.623111186e-18
0.0008671850164 -0.005725243886 -2.423121161e-18
0.01059732571 -0.008437210711 -3.006683201e-18
0.02024302814 -0.01143568141 -3.322864658e-18
0.02979111191 -0.01473181519 -3.346023729e-18
0.03922727769 -0.01833586524 -3.078410188e-18
0.048536122 -0.02225706645 -2.550289524e-18
0.05771498783 -0.02647356068 -1.80733267e-18
0.06676313291 -0.03096371353 -9.161716284e-19
0.07568160215 -0.03570621377 4.198281591e-20
0.08447309541 -0.04068015071 9.788905885e-19
0.0931418327 -0.0458650708 1.807327512e-18
0.1016934191 -0.05124101473 2.448866001e-18
0.1101347108 -0.05678853649 2.840684694e-18
0.1184736836 -0.06248870621 2.94079777e-18
0.1267193051 -0.06832309829 2.731153155e-18
0.1348814096 -0.07427376653 2.218292048e-18
0.1429705791 -0.08032320792 1.431485872e-18
0.1509980263 -0.08645431678 4.183631894e-19
0.158975483 -0.09265033058 -7.617478245e-19
0.166915092 -0.09889476923 -2.046328923e-18
0.1748293007 -0.1051713689 -3.379516857e-18
0.1827307591 -0.1114640122 -4.722801462e-18
