-0.3571 0 0
-0.3469989899 0 0
-0.3368985541 0.0001077112531 1.712018948e-23
-0.3267996383 0.00031338992 3.915888009e-23
-0.3167029043 0.0006072716031 5.557539171e-23
-0.3066087579 0.0009795781101 5.775481298e-23
-0.2965173768 0.001420522743 4.291290144e-23
-0.286428739 0.001920314272 1.486319986e-23
-0.2763426509 0.002469159743 -1.832824163e-23
-0.2662587759 0.003057266302 -4.740379205e-23
-0.2561766628 0.003674842172 -6.452947132e-23
-0.2460957744 0.004312096972 -6.53166005e-23
-0.236015516 0.004959241532 -5.004291595e-23
-0.2259352642 0.005606487366 -2.359073783e-23
-0.215854395 0.006244045991 6.032648511e-24
-0.2057723129 0.006862128225 3.018058694e-23
-0.1956884793 0.007450943668 4.221639603e-23
-0.1856024408 0.008000700508 3.942602326e-23
-0.1755138582 0.008501605821 2.36657592e-23
-0.1654225348 0.008943866545 6.647803602e-25
-0.1553284444 0.009317691277 -2.182876058e-23
-0.1452317606 0.009613293068 -3.664838766e-23
-0.1351328841 0.00982089337 -3.946609025e-23
-0.1250324712 0.0099307273 -2.948237473e-23
-0.1149314614 0.009933050373 -9.316337064e-24
-0.1048311601 0.009813398831 1.558292669e-23
-0.09473353977 0.009551734796 3.867675747e-23
-0.08464141739 0.009128096183 5.395049981e-23
-0.07455856948 0.008522636319 5.752452091e-23
-0.06448984482 0.007715674758 4.906789029e-23
-0.054441273 0.006687760486 3.154201495e-23
-0.04442016784 0.005419748538 9.837370363e-24
-0.03443522375 0.003892890907 -1.091197904e-23
-0.02449660351 0.002088942406 -2.646031122e-23
-0.01461601517 -9.718149073e-06 -3.360245726e-23
-0.004806775766 -0.002419951366 -3.093523592e-23
0.004916140617 -0.005157705655 -2.003572074e-23
0.01453607324 -0.008237851354 -6.187661176e-24
0.02403466631 -0.0116740019 4.486945231e-24
0.03339188461 -0.01547832394 8.867505161e-24
0.04258605596 -0.01966133881 6.432214416e-24
0.05159394294 -0.02423171865 -3.815274223e-24
0.06039084632 -0.02919608077 -1.930515742e-23
0.06897901234 -0.03451339264 -3.60576188e-23
0.07736556365 -0.0401433268 -5.130666275e-23
0.08556159943 -0.046047173 -6.050907209e-23
0.09358167757 -0.05218791803 -6.260272896e-23
0.1014433173 -0.05853023807 -6.021974787e-23
0.1091665282 -0.06504041612 -5.633011383e-23
0.1167733673 -0.071686197 -5.339954351e-23
0.1242875257 -0.07843659163 -5.312560567e-23
0.131733941 -0.08526164134 -5.595122636e-23
0.139138432 -0.09213215205 -6.134935607e-23
0.1465273506 -0.09901940747 -6.755620595e-23
0.153927244 -0.1058948697 -7.216193135e-23
0.1613645219 -0.1127298755 -7.313666458e-23
0.1688651194 -0.1194953349 -6.943636032e-23
0.1764541519 -0.1261614424 -6.193824783e-23
0.1841555529 -0.1326974065 -5.292587923e-23
0.1919916907 -0.1390712082 -4.569122219e-23
0.1999829596 -0.1452493976 -4.335109704e-23
0.2081473426 -0.1511969393 -4.706520156e-23
0.2164999452 -0.1568771182 -5.626857848e-23
0.225052502 -0.162251518 -6.865372105e-23
0.2338128625 -0.1672800848 -8.033496543e-23
0.2427844635 -0.1719212889 -8.746066621e-23
0.2519658015 -0.1761323969 -8.762777995e-23
0.2613499235 -0.179869863 -8.075271928e-23
0.2709239556 -0.1830898483 -6.917062048e-23
0.2806686978 -0.18574887 -5.611527644e-23
0.2905583116 -0.1878045777 -4.643629024e-23
0.3005601341 -0.1892166472 -4.515015569e-23
0.3106346488 -0.1899477734 -5.251496724e-23
0.3207356441 -0.1899647338 -6.842083167e-23
0.3308142403 -0.1892922076 -8.95212472e-23
0.340826951 -0.1879595338 -1.086887684e-22
0.3507360301 -0.1859998026 -1.212854204e-22
0.3605096487 -0.1834489644 -1.239449877e-22
0.3701219181 -0.1803449872 -1.1588827e-22
0.379552781 -0.176727084 -9.987238549e-23
0.3887877948 -0.1726350283 -8.058508786e-23
0.3978178302 -0.168108566 -6.311406348e-23
0.4066387079 -0.1631869284 -5.208289872e-23
0.4152507949 -0.1579084477 -4.962713393e-23
0.4236585771 -0.1523102695 -5.514778986e-23
0.4318702246 -0.146428157 -6.549160298e-23
0.4398971607 -0.1402963791 -7.684888964e-23
0.4477536437 -0.1339476722 -8.580701661e-23
0.4554563677 -0.1274132673 -8.84592689e-23
0.4630240858 -0.1207229724 -8.227779952e-23
0.4704772571 -0.1139053011 -6.740434844e-23
0.4778377166 -0.1069876396 -4.623440704e-23
0.4851283671 -0.09999644371 -2.260385322e-23
0.4923728888 -0.09295745869 -9.356695306e-25
0.4995954635 -0.08589595598 1.455482601e-23
0.5068174339 -0.07883383531 2.118155117e-23
0.5140394044 -0.07177171472 1.820163798e-23
0.5212613749 -0.06470959416 6.969150575e-24
0.5284833455 -0.05764747362 -9.298234885e-24
0.535705316 -0.05058535308 -2.7245556e-23
