-0.67855 0 0
-0.6684489899 0 0
-0.6583480067 2.329966979e-05 8.599766588e-22
-0.6482470997 6.895176575e-05 2.320966357e-21
-0.6381463122 0.0001360086435 4.127889196e-21
-0.6280456812 0.0002235223003 6.036633045e-21
-0.6179452381 0.0003305444138 7.822593389e-21
-0.6078450087 0.0004561263778 9.289832953e-21
-0.5977450136 0.0005993193347 1.027994138e-20
-0.5876452685 0.0007591742051 1.067951863e-20
-0.5775457843 0.0009347417145 1.04255226e-20
-0.5674465675 0.001125072418 9.507926896e-21
-0.5573476206 0.001329216724 7.969284844e-21
-0.5472489418 0.00154622491 5.901032996e-21
-0.5371505261 0.001775147146 3.436617798e-21
-0.5270523649 0.002015033505 7.417954944e-22
-0.5169544466 0.002264933981 -1.997339151e-21
-0.5068567566 0.002523898499 -4.58785153e-21
-0.496759278 0.002790976927 -6.844100488e-21
-0.4866619915 0.003065219084 -8.601534609e-21
-0.4765648755 0.003345674751 -9.729162869e-21
-0.4664679072 0.003631393671 -1.013978067e-20
-0.4563710618 0.003921425563 -9.797162453e-21
-0.4462743136 0.004214820122 -8.719619493e-21
-0.4361776358 0.004510627026 -6.97958519e-21
-0.4260810009 0.004807895938 -4.699169942e-21
-0.4159843811 0.005105676513 -2.041926428e-21
-0.4058877483 0.005403018403 7.986395557e-22
-0.3957910748 0.005698971256 3.6130154e-21
-0.3856943329 0.005992584726 6.191083928e-21
-0.3755974959 0.006282908477 8.337841923e-21
-0.3655005379 0.006568992187 9.888244135e-21
-0.3554034342 0.006849885554 1.072002604e-20
-0.3453061615 0.007124638303 1.076348574e-20
-0.3352086983 0.007392300194 1.000741835e-20
-0.3251110252 0.007651921026 8.500685638e-21
-0.3150131249 0.007902550649 6.349224718e-21
-0.3049149828 0.008143238971 3.708648151e-21
-0.294816587 0.00837303597 7.72939503e-22
-0.2847179287 0.008590991703 -2.23993623e-21
-0.2746190024 0.008796156322 -5.104429218e-21
-0.2645198063 0.008987580086 -7.604565262e-21
-0.2544203424 0.009164313379 -9.550541706e-21
-0.244320617 0.00932540673 -1.079345273e-20
-0.2342206405 0.009469910834 -1.123693831e-20
-0.2241204284 0.009596876574 -1.08448502e-20
-0.2140200008 0.009705355049 -9.644367726e-21
-0.2039193832 0.009794397608 -7.724193643e-21
-0.1938186065 0.009863055875 -5.227885814e-21
-0.1837177072 0.009910381792 -2.343034382e-21
-0.1736167282 0.009935427656 7.130195473e-22
-0.1635157182 0.009936789697 3.71003662e-21
-0.1534147537 0.009906447394 6.422051522e-21
-0.1433140394 0.009829142939 8.642700986e-21
-0.1332139953 0.009689451046 1.020360474e-20
-0.123115327 0.009471954299 1.098723737e-20
-0.1130190967 0.009161250043 1.09357389e-20
-0.1029267926 0.00874196053 1.005507801e-20
-0.09284039963 0.008198746968 8.414414954e-21
-0.08276246785 0.00751632808 6.140583623e-21
-0.07269618108 0.006679503797 3.408049255e-21
-0.06264542359 0.005673184659 4.253143104e-22
-0.05261484527 0.004482427491 -2.581159753e-21
-0.04260992429 0.003092477844 -5.384316408e-21
-0.0326370268 0.00148881967 -7.773958051e-21
-0.02270346287 -0.000342767397 -9.572579029e-21
-0.01281753764 -0.002416142868 -1.064879321e-20
-0.002988596946 -0.00474473215 -1.092693559e-20
0.006772933901 -0.007341445177 -1.039234945e-20
0.01645551918 -0.01021858702 -9.092383614e-21
0.02604649099 -0.01338776079 -7.131732034e-21
0.03553203796 -0.01685976323 -4.665398987e-21
0.04489720575 -0.02064447387 -1.885355973e-21
0.05413776444 -0.02472399317 1.007016994e-21
0.06325099485 -0.02908053244 3.802015825e-21
0.07223560787 -0.03369649734 6.29964614e-21
0.08109165958 -0.03855455779 8.323223701e-21
0.08982046378 -0.04363770454 9.732592516e-21
0.09842450317 -0.04892929313 1.043430737e-20
0.1069073405 -0.05441307602 1.038714854e-20
0.1152735304 -0.06007322353 9.604411645e-21
0.1235285332 -0.06589433462 8.152567727e-21
0.13167863 -0.07186143831 6.145022944e-21
0.1397308416 -0.07795998662 3.733696339e-21
0.1476928497 -0.08417583993 1.097723878e-21
0.1555729205 -0.09049524563 -1.569700834e-21
0.1633798328 -0.09690481079 -4.074613474e-21
0.1711228077 -0.1033914697 -6.235770595e-21
0.1788114421 -0.1099424473 -7.896680909e-21
0.186455644 -0.116545218 -8.935503612e-21
0.1940655709 -0.123187463 -9.272177349e-21
0.201651569 -0.1298570234 -8.872613912e-21
0.2092241152 -0.1365418533 -7.749078459e-21
0.2167937587 -0.1432299697 -5.957354518e-21
0.2243634024 -0.1499180861 -3.581230049e-21
0.2319330461 -0.1566062023 -7.293936291e-22
0.2395026898 -0.1632943186 2.47380249e-21
0.2470723336 -0.1699824347 5.902576431e-21
0.2546419774 -0.1766705509 9.445298318e-21
0.2622116212 -0.183358667 1.302106954e-20
