-0.25 0 0
-0.2398989899 0 0
-0.2297993287 0.0001650530864 7.171874147e-23
-0.2197029805 0.0004718915764 9.039540458e-23
-0.2096109221 0.0008970461872 8.469809089e-23
-0.1995232985 0.001416900753 8.104281606e-23
-0.1894395833 0.002007735693 8.167718722e-23
-0.179358744 0.002645762241 8.212785933e-23
-0.1692794104 0.00330714962 8.155314999e-23
-0.1592000447 0.003968047459 8.165676545e-23
-0.1491191126 0.004604605844 8.311995056e-23
-0.1390352544 0.005192995417 8.491901886e-23
-0.1289474551 0.005709429939 8.556885283e-23
-0.1188552128 0.006130193712 8.454755075e-23
-0.1087587031 0.006431676143 8.251712505e-23
-0.09865894077 0.006590415631 8.058554561e-23
-0.08855793363 0.006583154785 7.962480085e-23
-0.07845883044 0.006386908741 7.98614732e-23
-0.06836605842 0.005979048065 8.08857962e-23
-0.05828544923 0.005337397382 8.167252755e-23
-0.04822435069 0.004440350419 8.132510941e-23
-0.03819172145 0.003267001695 7.857226224e-23
-0.0281982057 0.001797294473 7.252076757e-23
-0.01825618495 1.218397427e-05 6.57719133e-23
-0.008379803783 -0.002106185838 6.114458129e-23
0.001415033415 -0.004574294358 5.531328755e-23
0.01111069734 -0.007407048513 4.174428572e-23
0.02068790273 -0.01061758298 2.740495545e-23
0.03012581308 -0.01421706109 2.141159178e-23
0.03940218211 -0.01821448172 4.958263607e-24
0.04849353223 -0.02261649791 -6.009514954e-23
0.05737536905 -0.02742725346 -1.307236232e-22
0.06604333159 -0.03261346789 -1.473591906e-22
0.07450192403 -0.0381345737 -1.343459144e-22
0.08276012528 -0.04395114558 -1.183202453e-22
0.09083089894 -0.05002510715 -1.043278058e-22
0.09873069595 -0.05631983547 -9.450007834e-23
0.1064789615 -0.06280017339 -8.786815289e-23
0.1140976542 -0.06943236154 -8.277202299e-23
0.1216107827 -0.076183902 -7.921102365e-23
0.1290439605 -0.08302336587 -7.593131305e-23
0.1364239789 -0.08992015697 -7.178137962e-23
0.1437783945 -0.09684424319 -6.645826921e-23
0.1511351277 -0.1037658669 -6.045444739e-23
0.1585220663 -0.1106552455 -5.452568634e-23
0.1659666684 -0.1174822725 -4.917486256e-23
0.1734955595 -0.1242162311 -4.451562102e-23
0.1811341178 -0.1308255295 -4.034275627e-23
0.1889060441 -0.1372774717 -3.671369393e-23
0.1968329142 -0.1435380729 -3.260169743e-23
0.2049337115 -0.1495719341 -2.611163058e-23
0.213224344 -0.1553421861 -1.605316501e-23
0.22171715 -0.160810517 -4.442227091e-24
0.2304204006 -0.1659372922 5.72665949e-24
0.2393378124 -0.1706817796 1.482669768e-23
0.2484680858 -0.1750024856 2.425612562e-23
0.2578044894 -0.1788576068 3.019174556e-23
0.2673345129 -0.1822055978 3.351522012e-23
0.277039614 -0.1850058482 3.829904699e-23
0.2868950858 -0.1872194575 4.293548886e-23
0.2968700688 -0.1888100867 4.703522014e-23
0.3069277318 -0.189744861 5.675507809e-23
0.3170256363 -0.1899952881 7.092707147e-23
0.3271170974 -0.1895561988 7.574305981e-23
0.3371574267 -0.188450678 7.003775244e-23
0.3471067425 -0.1867066876 6.075544921e-23
0.3569304782 -0.184356239 4.590507148e-23
0.3665997125 -0.1814345446 2.858964776e-23
0.3760913339 -0.1779791845 1.633299982e-23
0.3853880514 -0.1740293191 9.661366647e-24
0.3944782725 -0.169624972 4.653503433e-24
0.4033558718 -0.1648064013 -2.066778025e-24
0.412019872 -0.1596135702 -8.684748326e-24
0.4204740608 -0.1540857236 -1.341443539e-23
0.4287265643 -0.1482610706 -1.737975187e-23
0.4367893948 -0.142176569 -2.014296797e-23
0.4446779887 -0.1358678066 -2.157133578e-23
0.4524107443 -0.1293689691 -2.248931547e-23
0.4600085697 -0.1227128856 -2.318524453e-23
0.4674944447 -0.1159311401 -2.353538649e-23
0.4748929994 -0.1090542377 -2.340868196e-23
0.4822301088 -0.1021118155 -2.265097892e-23
0.4895325024 -0.09513288684 -2.122106598e-23
0.4968273851 -0.08814610749 -1.937567195e-23
0.5041420635 -0.08118005565 -1.756111813e-23
0.5115035749 -0.07426351402 -1.587844455e-23
0.5189383118 -0.06742574488 -1.356789156e-23
0.5264716376 -0.06069674789 -9.617162674e-24
0.5341274904 -0.05410749033 -5.576721489e-24
0.5419231779 -0.04768427818 -2.537440941e-24
0.5498530904 -0.04142753106 8.822853688e-26
0.5579012832 -0.0353236806 1.45903812e-24
0.566052535 -0.02935815518 1.333857187e-24
0.5742923082 -0.02351550718 4.198036422e-25
0.5826066952 -0.01777953593 -8.979781759e-25
0.5909823515 -0.01213340613 -2.365170325e-24
0.5994064174 -0.006559761794 -3.874274584e-24
0.6078664326 -0.001040835975 -5.605666158e-24
0.6163502416 0.004441443062 -7.535683336e-24
0.6248458955 0.009905348581 -9.588964391e-24
