-0.46425 0 0
-0.4541489899 0 0
-0.444048127 5.44868877e-05 -3.819462257e-25
-0.4339476705 0.0001602197163 -6.631550461e-25
-0.4238478299 0.0003139107695 -7.652407252e-25
-0.4137487671 0.0005122290481 -7.604227007e-25
-0.4036505987 0.0007518037041 -7.2926365e-25
-0.3935533992 0.001029227416 -7.175697786e-25
-0.3834572039 0.001341059701 -7.433006484e-25
-0.3733620115 0.001683830181 -8.143941703e-25
-0.3632677882 0.002054041788 -9.36234187e-25
-0.3531744706 0.002448173945 -1.11201222e-24
-0.3430819694 0.002862685703 -1.33779701e-24
-0.3329901731 0.003294018846 -1.598837473e-24
-0.3228989518 0.003738600969 -1.869511079e-24
-0.3128081609 0.004192848535 -2.117079438e-24
-0.3027176453 0.004653169901 -2.307665785e-24
-0.2926272431 0.005115968337 -2.412028687e-24
-0.2825367894 0.005577645032 -2.41018718e-24
-0.2724461209 0.006034602096 -2.293617762e-24
-0.2623550793 0.006483245569 -2.066749473e-24
-0.2522635157 0.006919988438 -1.747839844e-24
-0.2421712941 0.00734125367 -1.371023521e-24
-0.2320782957 0.007743477268 -9.867941444e-25
-0.2219844224 0.008123111352 -6.570098e-25
-0.2118896006 0.008476627257 -4.442537355e-25
-0.2017937849 0.008800518677 -3.950238737e-25
-0.1916969614 0.00909130482 -5.25074746e-25
-0.1815991513 0.009345533612 -8.217161163e-25
-0.171500414 0.009559784928 -1.279621847e-24
-0.1614008497 0.009730673875 -1.968974861e-24
-0.1513006032 0.009854854127 -3.088291627e-24
-0.1411998656 0.009929021321 -4.888707523e-24
-0.1310988773 0.009949916509 -7.288966471e-24
-0.1209979457 0.009910161922 -9.476770314e-24
-0.1108976885 0.00978685184 -1.08095422e-23
-0.1007993003 0.009556732325 -1.142297233e-23
-0.09070470965 0.009196676273 -1.16095715e-23
-0.08061673225 0.008683731711 -1.157031079e-23
-0.07053921774 0.007995181795 -1.140241974e-23
-0.06047718988 0.007108618182 -1.116688874e-23
-0.05043697773 0.006002029142 -1.090291367e-23
-0.04042633558 0.004653903491 -1.062043171e-23
-0.0304545494 0.003043351032 -1.029837153e-23
-0.02053252703 0.001150239705 -9.896886376e-24
-0.01067286914 -0.001044650848 -9.359277917e-24
-0.000889918076 -0.003559460229 -8.630060286e-24
0.008800218747 -0.006411064311 -7.722295012e-24
0.01837967375 -0.00961488062 -6.706916037e-24
0.0278288555 -0.01318466508 -5.480778229e-24
0.03712651888 -0.01713230388 -3.490133035e-24
0.04624987133 -0.02146760503 1.32000135e-25
0.05517471653 -0.02619809485 5.567537756e-24
0.06387894931 -0.03132320241 1.08107473e-23
0.07236603152 -0.03680041267 1.407371557e-23
0.08064423683 -0.0425884792 1.569258414e-23
0.08872611622 -0.048647656 1.645125155e-23
0.09662795877 -0.05493981642 1.68856556e-23
0.104369261 -0.06142847104 1.717532988e-23
0.1119722135 -0.06807869754 1.731121127e-23
0.1194612099 -0.07485699627 1.725279742e-23
0.126862379 -0.08173108493 1.699733851e-23
0.1342031406 -0.08866964529 1.657884103e-23
0.1415117786 -0.09564203447 1.604058834e-23
0.1488170294 -0.1026179726 1.541414688e-23
0.1561476767 -0.1095672178 1.471726441e-23
0.1635321483 -0.1164592407 1.397764799e-23
0.1709981057 -0.1232629074 1.320469579e-23
0.1785720214 -0.1299461851 1.239873447e-23
0.1862787392 -0.1364758788 1.156535633e-23
0.1941410113 -0.1428174145 1.07484522e-23
0.2021790131 -0.148934679 1.005206329e-23
0.210409834 -0.1547899317 9.388995776e-24
0.2188469505 -0.1603438009 8.675550054e-24
0.227499688 -0.1655553775 7.829084029e-24
0.2363726839 -0.1703824198 6.779813819e-24
0.2454653689 -0.1747816782 5.474304972e-24
0.254771486 -0.1787093463 3.91821175e-24
0.2642786737 -0.1821216439 2.165242038e-24
0.27396814 -0.1849755246 4.807960221e-25
0.2838144581 -0.187229501 -1.138878737e-24
0.2937855137 -0.1888445677 -2.843435653e-24
0.3038426311 -0.1897851941 -4.8702938e-24
0.3139409026 -0.1900203533 -7.292066341e-24
0.3240297359 -0.1895245394 -9.45518757e-24
0.3340604195 -0.1883346755 -1.071751913e-23
0.3439924953 -0.1864950392 -1.119359252e-23
0.3537939607 -0.1840533864 -1.111963462e-23
0.3634411483 -0.1810596987 -1.074477346e-23
0.3729183896 -0.1775650897 -1.030113711e-23
0.3822175141 -0.173620894 -9.93230768e-24
0.3913372296 -0.1692779474 -9.551480979e-24
0.4002824279 -0.1645860579 -9.221461564e-24
0.4090634489 -0.1595936569 -8.882809684e-24
0.417695334 -0.1543476147 -8.554564167e-24
0.426197085 -0.1488932009 -8.214296604e-24
0.4345909442 -0.1432741683 -7.83349037e-24
0.4429017011 -0.1375329383 -7.397598912e-24
0.4511560256 -0.1317108659 -6.9200252e-24
0.4593818268 -0.125848563 -6.431289225e-24
