-0.5714 0 0
-0.5612989899 0 0
-0.5511980222 2.894844372e-05 -1.746499679e-23
-0.5410971754 8.622393887e-05 -3.044428175e-23
-0.5309965228 0.0001711008475 -3.195410997e-23
-0.5208961307 0.0002827519932 -2.645044193e-23
-0.5107960574 0.0004202517451 -1.724607956e-23
-0.5006963526 0.0005825794654 -4.172462527e-24
-0.4905970569 0.0007686233066 1.106105205e-23
-0.4804982011 0.0009771843417 2.27874645e-23
-0.4703998061 0.001206981012 2.438110874e-23
-0.4603018831 0.001456653872 1.178244865e-23
-0.4502044329 0.00172477062 -1.491575578e-23
-0.4401074469 0.00200983138 -5.208501088e-23
-0.4300109068 0.002310274232 -9.366399303e-23
-0.4199147857 0.002624480962 -1.325133024e-22
-0.4098190483 0.002950783001 -1.621194922e-22
-0.3997236518 0.003287467552 -1.777376034e-22
-0.3896285469 0.003632783863 -1.774723884e-22
-0.3795336786 0.003984949635 -1.630619472e-22
-0.3694389875 0.00434215754 -1.384408204e-22
-0.3593444107 0.004702581823 -1.078575771e-22
-0.3492498832 0.005064384969 -7.513822709e-23
-0.3391553391 0.005425724411 -4.331986452e-23
-0.3290607128 0.005784759254 -1.479407374e-23
-0.3189659401 0.006139656993 8.529650307e-24
-0.3088709599 0.006488600207 2.632114059e-23
-0.2987757148 0.006829793195 4.075388841e-23
-0.2886801525 0.007161468544 5.549720788e-23
-0.2785842269 0.007481893591 7.356124062e-23
-0.2684878988 0.007789376773 9.329108806e-23
-0.258391137 0.008082273832 1.08138518e-22
-0.248293919 0.008358993851 1.119921203e-22
-0.2381962311 0.00861800511 1.055597199e-22
-0.2280980696 0.008857840725 9.618758893e-23
-0.2179994405 0.009077104065 8.803382464e-23
-0.2079003597 0.00927447391 7.140882943e-23
-0.1978008534 0.00944870935 3.078882047e-23
-0.1877009572 0.009598654382 -2.876655458e-23
-0.1776007164 0.009723242205 -6.992528026e-23
-0.1675001851 0.00982149919 -6.764529228e-23
-0.1573994258 0.009892548505 -7.149811626e-23
-0.1472985084 0.009935613387 -1.495352583e-22
-0.1371975095 0.009950020036 -2.71190486e-22
-0.1270965232 0.009928500452 -3.674377681e-22
-0.1169958328 0.009848246563 -3.800033331e-22
-0.1068961808 0.009682672593 -3.102122303e-22
-0.09679897444 0.009405525143 -2.463752511e-22
-0.08670647441 0.008991002089 -2.278828787e-22
-0.07662196557 0.008413882212 -2.205843494e-22
-0.06654990716 0.007649666795 -1.803451252e-22
-0.05649605761 0.006674733628 -1.079646638e-22
-0.04646756999 0.005466502944 -4.961645939e-23
-0.03647305448 0.004003613837 -3.536686213e-24
-0.02652260422 0.002266108648 5.577066641e-23
-0.01662778195 0.0002356218407 1.251599657e-22
-0.006801565163 -0.002104431111 2.189781624e-22
0.002941751236 -0.004768670101 3.317153177e-22
0.01258669476 -0.007769577953 3.936694306e-22
0.02211679633 -0.0111173455 3.68295035e-22
0.03151480963 -0.01481974054 3.267242255e-22
0.04076296482 -0.01888200696 3.685467961e-22
0.04984325084 -0.02330679943 3.188586608e-22
0.05873771969 -0.02809415849 2.660219579e-22
0.0674458171 -0.03321269566 2.917238324e-22
0.07597084779 -0.03863065059 2.175930396e-22
0.08431977595 -0.04431622732 1.682526657e-22
0.09250296718 -0.05023786276 1.67394399e-22
0.1005338841 -0.05636442447 1.897951486e-22
0.1084287474 -0.06266533856 2.061465575e-22
0.1162061723 -0.06911065072 1.721320386e-22
0.123886788 -0.07567102638 9.911708354e-23
0.131492848 -0.08231769747 5.767035613e-23
0.1390478346 -0.08902236481 6.502745972e-23
0.1465760604 -0.09575706627 5.586989058e-23
0.1541022695 -0.1024940213 3.112942879e-23
0.1616512387 -0.1092054631 8.130015293e-24
0.1692473778 -0.1158634701 -4.405679978e-24
0.176914331 -0.1224398075 -1.465491514e-23
0.1846745784 -0.1289057913 -2.095217745e-23
0.19254904 -0.1352321837 -4.483632262e-24
0.2005566841 -0.1413891326 3.355121808e-23
0.2087141458 -0.1473461624 8.96061227e-23
0.2170353596 -0.1530722244 2.026305955e-22
0.2255312158 -0.158535814 2.703605437e-22
0.2342092502 -0.1637051565 2.107176906e-22
0.2430733772 -0.1685484649 1.310983258e-22
0.2521236801 -0.1730342646 1.088279031e-22
0.2613562708 -0.1771317823 1.676474347e-23
0.2707632303 -0.1808113875 -1.126974581e-22
0.2803326429 -0.1840450733 -1.644938242e-22
0.2900487303 -0.1868069613 -1.223439802e-22
0.2998920925 -0.1890738095 -7.511647531e-23
0.309827065 -0.190897735 -8.710631599e-23
0.3198252291 -0.1923354761 -7.047987656e-23
0.3298648673 -0.1934472536 -8.325240881e-23
0.3399301703 -0.1942958175 -1.571727342e-22
0.3500102531 -0.1949456772 -2.523565474e-22
0.3600980319 -0.1954624995 -3.230976974e-22
0.3701890059 -0.1959126427 -3.563806579e-22
